-1.000000000000000000e+02 2.181000000000000000e+03 2.000080000000000000e+05
-9.500000000000000000e+01 4.990000000000000000e+02 2.000080000000000000e+05
-9.000000000000000000e+01 6.020000000000000000e+02 2.000080000000000000e+05
-8.500000000000000000e+01 7.280000000000000000e+02 2.000080000000000000e+05
-8.000000000000000000e+01 1.160000000000000000e+03 2.000080000000000000e+05
-7.500000000000000000e+01 2.156000000000000000e+03 2.000080000000000000e+05
-7.000000000000000000e+01 2.751000000000000000e+03 2.000080000000000000e+05
-6.500000000000000000e+01 3.777000000000000000e+03 2.000080000000000000e+05
-6.000000000000000000e+01 6.292000000000000000e+03 2.000120000000000000e+05
-5.500000000000000000e+01 1.002600000000000000e+04 2.000120000000000000e+05
-5.000000000000000000e+01 1.582200000000000000e+04 2.000120000000000000e+05
-4.500000000000000000e+01 1.748300000000000000e+04 2.000080000000000000e+05
-4.000000000000000000e+01 1.844900000000000000e+04 2.000120000000000000e+05
-3.500000000000000000e+01 1.703200000000000000e+04 2.000080000000000000e+05
-3.000000000000000000e+01 1.467100000000000000e+04 2.000080000000000000e+05
-2.500000000000000000e+01 1.076300000000000000e+04 2.000120000000000000e+05
-2.000000000000000000e+01 8.523000000000000000e+03 2.000120000000000000e+05
-1.500000000000000000e+01 6.469000000000000000e+03 2.000080000000000000e+05
-1.000000000000000000e+01 4.420000000000000000e+03 2.000080000000000000e+05
-5.000000000000000000e+00 4.261000000000000000e+03 2.000080000000000000e+05
0.000000000000000000e+00 4.407000000000000000e+03 2.000120000000000000e+05
5.000000000000000000e+00 5.438000000000000000e+03 2.000080000000000000e+05
1.000000000000000000e+01 6.594000000000000000e+03 2.000080000000000000e+05
1.500000000000000000e+01 9.636000000000000000e+03 2.000080000000000000e+05
2.000000000000000000e+01 1.341100000000000000e+04 2.000080000000000000e+05
2.500000000000000000e+01 1.940900000000000000e+04 2.000120000000000000e+05
3.000000000000000000e+01 3.429700000000000000e+04 2.000080000000000000e+05
3.500000000000000000e+01 4.831100000000000000e+04 2.000080000000000000e+05
4.000000000000000000e+01 6.893400000000000000e+04 2.000080000000000000e+05
4.500000000000000000e+01 7.768300000000000000e+04 2.000080000000000000e+05
5.000000000000000000e+01 1.065950000000000000e+05 2.000080000000000000e+05
5.500000000000000000e+01 1.690650000000000000e+05 2.000080000000000000e+05
6.000000000000000000e+01 2.162250000000000000e+05 2.000080000000000000e+05
6.500000000000000000e+01 2.584880000000000000e+05 2.000120000000000000e+05
7.000000000000000000e+01 3.288130000000000000e+05 2.000120000000000000e+05
7.500000000000000000e+01 3.360060000000000000e+05 2.000080000000000000e+05
8.000000000000000000e+01 3.323860000000000000e+05 2.000120000000000000e+05
8.500000000000000000e+01 3.149500000000000000e+05 2.000080000000000000e+05
9.000000000000000000e+01 3.063440000000000000e+05 2.000120000000000000e+05
9.500000000000000000e+01 3.042440000000000000e+05 2.000120000000000000e+05
1.000000000000000000e+02 3.071140000000000000e+05 2.000080000000000000e+05
1.050000000000000000e+02 3.035670000000000000e+05 2.000120000000000000e+05
1.100000000000000000e+02 3.086190000000000000e+05 2.000080000000000000e+05
1.150000000000000000e+02 3.072760000000000000e+05 2.000120000000000000e+05
1.200000000000000000e+02 3.108010000000000000e+05 2.000080000000000000e+05
1.250000000000000000e+02 3.231890000000000000e+05 2.000120000000000000e+05
1.300000000000000000e+02 3.222560000000000000e+05 2.000120000000000000e+05
1.350000000000000000e+02 3.127590000000000000e+05 2.000120000000000000e+05
1.400000000000000000e+02 3.045600000000000000e+05 2.000080000000000000e+05
1.450000000000000000e+02 2.835590000000000000e+05 2.000080000000000000e+05
1.500000000000000000e+02 2.416950000000000000e+05 2.000120000000000000e+05
1.550000000000000000e+02 2.223900000000000000e+05 2.000120000000000000e+05
1.600000000000000000e+02 1.472150000000000000e+05 2.000120000000000000e+05
1.650000000000000000e+02 6.741600000000000000e+04 2.000080000000000000e+05
1.700000000000000000e+02 2.797400000000000000e+04 2.000080000000000000e+05
1.750000000000000000e+02 1.574400000000000000e+04 2.000160000000000000e+05
1.800000000000000000e+02 1.118500000000000000e+04 2.000120000000000000e+05
1.850000000000000000e+02 6.105000000000000000e+03 2.000120000000000000e+05
1.900000000000000000e+02 4.412000000000000000e+03 2.000080000000000000e+05
1.950000000000000000e+02 3.272000000000000000e+03 2.000120000000000000e+05
2.000000000000000000e+02 3.450000000000000000e+03 2.000080000000000000e+05
2.050000000000000000e+02 2.500000000000000000e+03 2.000120000000000000e+05
2.100000000000000000e+02 2.335000000000000000e+03 2.000120000000000000e+05
2.150000000000000000e+02 2.014000000000000000e+03 2.000120000000000000e+05
2.200000000000000000e+02 1.704000000000000000e+03 2.000120000000000000e+05
2.250000000000000000e+02 1.676000000000000000e+03 2.000080000000000000e+05
2.300000000000000000e+02 1.514000000000000000e+03 2.000080000000000000e+05
2.350000000000000000e+02 1.458000000000000000e+03 2.000160000000000000e+05
2.400000000000000000e+02 1.369000000000000000e+03 2.000120000000000000e+05
2.450000000000000000e+02 1.348000000000000000e+03 2.000160000000000000e+05
2.500000000000000000e+02 1.376000000000000000e+03 2.000120000000000000e+05
2.550000000000000000e+02 1.299000000000000000e+03 2.000120000000000000e+05
2.600000000000000000e+02 1.257000000000000000e+03 2.000080000000000000e+05
2.650000000000000000e+02 1.314000000000000000e+03 2.000080000000000000e+05
2.700000000000000000e+02 1.300000000000000000e+03 2.000080000000000000e+05
2.750000000000000000e+02 1.246000000000000000e+03 2.000080000000000000e+05
2.800000000000000000e+02 1.238000000000000000e+03 2.000120000000000000e+05
2.850000000000000000e+02 3.076000000000000000e+03 2.000120000000000000e+05
2.900000000000000000e+02 1.988900000000000000e+04 2.000080000000000000e+05
2.950000000000000000e+02 1.066700000000000000e+04 2.000120000000000000e+05
