-1.000000000000000000e+02 3.115000000000000000e+04 1.000012000000000000e+06
-9.500000000000000000e+01 3.095700000000000000e+04 1.000012000000000000e+06
-9.000000000000000000e+01 2.782400000000000000e+04 1.000012000000000000e+06
-8.500000000000000000e+01 2.652700000000000000e+04 1.000008000000000000e+06
-8.000000000000000000e+01 2.361000000000000000e+04 1.000012000000000000e+06
-7.500000000000000000e+01 2.198700000000000000e+04 1.000012000000000000e+06
-7.000000000000000000e+01 2.202300000000000000e+04 1.000008000000000000e+06
-6.500000000000000000e+01 2.196200000000000000e+04 1.000012000000000000e+06
-6.000000000000000000e+01 2.194300000000000000e+04 1.000008000000000000e+06
-5.500000000000000000e+01 2.213600000000000000e+04 1.000012000000000000e+06
-5.000000000000000000e+01 2.223700000000000000e+04 1.000012000000000000e+06
-4.500000000000000000e+01 2.510900000000000000e+04 1.000008000000000000e+06
-4.000000000000000000e+01 2.492100000000000000e+04 1.000008000000000000e+06
-3.500000000000000000e+01 3.389200000000000000e+04 1.000008000000000000e+06
-3.000000000000000000e+01 4.231500000000000000e+04 1.000008000000000000e+06
-2.500000000000000000e+01 4.251400000000000000e+04 1.000008000000000000e+06
-2.000000000000000000e+01 3.816100000000000000e+04 1.000008000000000000e+06
-1.500000000000000000e+01 3.281600000000000000e+04 1.000008000000000000e+06
-1.000000000000000000e+01 3.599600000000000000e+04 1.000012000000000000e+06
-5.000000000000000000e+00 3.921500000000000000e+04 1.000008000000000000e+06
0.000000000000000000e+00 4.167100000000000000e+04 1.000012000000000000e+06
5.000000000000000000e+00 5.133600000000000000e+04 1.000008000000000000e+06
1.000000000000000000e+01 3.754400000000000000e+04 1.000008000000000000e+06
1.500000000000000000e+01 3.526600000000000000e+04 1.000008000000000000e+06
2.000000000000000000e+01 3.523400000000000000e+04 1.000008000000000000e+06
2.500000000000000000e+01 3.816300000000000000e+04 1.000008000000000000e+06
3.000000000000000000e+01 3.746000000000000000e+04 1.000012000000000000e+06
3.500000000000000000e+01 3.182600000000000000e+04 1.000008000000000000e+06
4.000000000000000000e+01 3.199200000000000000e+04 1.000012000000000000e+06
4.500000000000000000e+01 3.190500000000000000e+04 1.000008000000000000e+06
5.000000000000000000e+01 3.271100000000000000e+04 1.000008000000000000e+06
5.500000000000000000e+01 3.253000000000000000e+04 1.000008000000000000e+06
6.000000000000000000e+01 3.149700000000000000e+04 1.000012000000000000e+06
6.500000000000000000e+01 2.792300000000000000e+04 1.000008000000000000e+06
7.000000000000000000e+01 2.517600000000000000e+04 1.000012000000000000e+06
7.500000000000000000e+01 2.391200000000000000e+04 1.000012000000000000e+06
8.000000000000000000e+01 2.263300000000000000e+04 1.000012000000000000e+06
8.500000000000000000e+01 2.212900000000000000e+04 1.000008000000000000e+06
9.000000000000000000e+01 2.161000000000000000e+04 1.000012000000000000e+06
9.500000000000000000e+01 2.162300000000000000e+04 1.000008000000000000e+06
