-1.000000000000000000e+02 0.000000000000000000e+00 2.000080000000000000e+05
-9.500000000000000000e+01 0.000000000000000000e+00 2.000120000000000000e+05
-9.000000000000000000e+01 0.000000000000000000e+00 2.000120000000000000e+05
-8.500000000000000000e+01 0.000000000000000000e+00 2.000080000000000000e+05
-8.000000000000000000e+01 0.000000000000000000e+00 2.000080000000000000e+05
-7.500000000000000000e+01 0.000000000000000000e+00 2.000120000000000000e+05
-7.000000000000000000e+01 0.000000000000000000e+00 2.000120000000000000e+05
-6.500000000000000000e+01 0.000000000000000000e+00 2.000080000000000000e+05
-6.000000000000000000e+01 0.000000000000000000e+00 2.000080000000000000e+05
-5.500000000000000000e+01 0.000000000000000000e+00 2.000120000000000000e+05
-5.000000000000000000e+01 8.000000000000000000e+01 2.000120000000000000e+05
-4.500000000000000000e+01 0.000000000000000000e+00 2.000080000000000000e+05
-4.000000000000000000e+01 3.027000000000000000e+03 2.000120000000000000e+05
-3.500000000000000000e+01 4.027000000000000000e+03 2.000120000000000000e+05
-3.000000000000000000e+01 4.813000000000000000e+03 2.000120000000000000e+05
-2.500000000000000000e+01 5.149000000000000000e+03 2.000080000000000000e+05
-2.000000000000000000e+01 5.107000000000000000e+03 2.000080000000000000e+05
-1.500000000000000000e+01 5.101000000000000000e+03 2.000080000000000000e+05
-1.000000000000000000e+01 4.345000000000000000e+03 2.000120000000000000e+05
-5.000000000000000000e+00 3.749000000000000000e+03 2.000120000000000000e+05
0.000000000000000000e+00 3.528000000000000000e+03 2.000120000000000000e+05
5.000000000000000000e+00 3.164000000000000000e+03 2.000120000000000000e+05
1.000000000000000000e+01 2.722000000000000000e+03 2.000120000000000000e+05
1.500000000000000000e+01 2.229000000000000000e+03 2.000080000000000000e+05
2.000000000000000000e+01 2.005000000000000000e+03 2.000120000000000000e+05
2.500000000000000000e+01 1.859000000000000000e+03 2.000080000000000000e+05
3.000000000000000000e+01 1.135000000000000000e+03 2.000120000000000000e+05
3.500000000000000000e+01 8.920000000000000000e+02 2.000120000000000000e+05
4.000000000000000000e+01 6.100000000000000000e+02 2.000080000000000000e+05
4.500000000000000000e+01 4.420000000000000000e+02 2.000080000000000000e+05
5.000000000000000000e+01 2.780000000000000000e+02 2.000160000000000000e+05
5.500000000000000000e+01 1.450000000000000000e+02 2.000120000000000000e+05
6.000000000000000000e+01 1.380000000000000000e+02 2.000120000000000000e+05
6.500000000000000000e+01 1.150000000000000000e+02 2.000120000000000000e+05
7.000000000000000000e+01 1.090000000000000000e+02 2.000120000000000000e+05
7.500000000000000000e+01 1.080000000000000000e+02 2.000120000000000000e+05
8.000000000000000000e+01 6.500000000000000000e+01 2.000080000000000000e+05
8.500000000000000000e+01 5.600000000000000000e+01 2.000120000000000000e+05
9.000000000000000000e+01 5.700000000000000000e+01 2.000120000000000000e+05
9.500000000000000000e+01 5.300000000000000000e+01 2.000120000000000000e+05
1.000000000000000000e+02 8.800000000000000000e+01 2.000080000000000000e+05
1.050000000000000000e+02 8.900000000000000000e+01 2.000080000000000000e+05
1.100000000000000000e+02 9.800000000000000000e+01 2.000120000000000000e+05
1.150000000000000000e+02 1.030000000000000000e+02 2.000120000000000000e+05
1.200000000000000000e+02 7.200000000000000000e+01 2.000120000000000000e+05
1.250000000000000000e+02 5.300000000000000000e+01 2.000120000000000000e+05
1.300000000000000000e+02 4.700000000000000000e+01 2.000080000000000000e+05
1.350000000000000000e+02 5.200000000000000000e+01 2.000080000000000000e+05
1.400000000000000000e+02 4.100000000000000000e+01 2.000080000000000000e+05
1.450000000000000000e+02 5.100000000000000000e+01 2.000080000000000000e+05
1.500000000000000000e+02 3.800000000000000000e+01 2.000120000000000000e+05
1.550000000000000000e+02 3.500000000000000000e+01 2.000120000000000000e+05
1.600000000000000000e+02 4.900000000000000000e+01 2.000080000000000000e+05
1.650000000000000000e+02 3.900000000000000000e+01 2.000120000000000000e+05
1.700000000000000000e+02 3.900000000000000000e+01 2.000120000000000000e+05
1.750000000000000000e+02 4.600000000000000000e+01 2.000120000000000000e+05
1.800000000000000000e+02 4.900000000000000000e+01 2.000120000000000000e+05
1.850000000000000000e+02 3.900000000000000000e+01 2.000080000000000000e+05
1.900000000000000000e+02 4.100000000000000000e+01 2.000080000000000000e+05
1.950000000000000000e+02 4.500000000000000000e+01 2.000120000000000000e+05
