-1.000000000000000000e+02 2.765600000000000000e+04 1.000008000000000000e+06
-9.500000000000000000e+01 2.774400000000000000e+04 1.000012000000000000e+06
-9.000000000000000000e+01 2.755200000000000000e+04 1.000008000000000000e+06
-8.500000000000000000e+01 2.773300000000000000e+04 1.000012000000000000e+06
-8.000000000000000000e+01 2.722400000000000000e+04 1.000012000000000000e+06
-7.500000000000000000e+01 2.711300000000000000e+04 1.000008000000000000e+06
-7.000000000000000000e+01 2.796700000000000000e+04 1.000012000000000000e+06
-6.500000000000000000e+01 2.807100000000000000e+04 1.000012000000000000e+06
-6.000000000000000000e+01 2.816800000000000000e+04 1.000008000000000000e+06
-5.500000000000000000e+01 2.824900000000000000e+04 1.000008000000000000e+06
-5.000000000000000000e+01 2.803200000000000000e+04 1.000012000000000000e+06
-4.500000000000000000e+01 2.801300000000000000e+04 1.000012000000000000e+06
-4.000000000000000000e+01 2.813100000000000000e+04 1.000012000000000000e+06
-3.500000000000000000e+01 2.791800000000000000e+04 1.000008000000000000e+06
-3.000000000000000000e+01 2.774900000000000000e+04 1.000008000000000000e+06
-2.500000000000000000e+01 2.726500000000000000e+04 1.000008000000000000e+06
-2.000000000000000000e+01 2.728700000000000000e+04 1.000008000000000000e+06
-1.500000000000000000e+01 2.743700000000000000e+04 1.000012000000000000e+06
-1.000000000000000000e+01 2.774300000000000000e+04 1.000012000000000000e+06
-5.000000000000000000e+00 2.783100000000000000e+04 1.000012000000000000e+06
0.000000000000000000e+00 2.804900000000000000e+04 1.000012000000000000e+06
5.000000000000000000e+00 2.821500000000000000e+04 1.000008000000000000e+06
1.000000000000000000e+01 2.850800000000000000e+04 1.000008000000000000e+06
1.500000000000000000e+01 2.893800000000000000e+04 1.000008000000000000e+06
2.000000000000000000e+01 2.902200000000000000e+04 1.000012000000000000e+06
2.500000000000000000e+01 2.931700000000000000e+04 1.000012000000000000e+06
3.000000000000000000e+01 2.982700000000000000e+04 1.000012000000000000e+06
3.500000000000000000e+01 3.060700000000000000e+04 1.000008000000000000e+06
4.000000000000000000e+01 3.083100000000000000e+04 1.000008000000000000e+06
4.500000000000000000e+01 3.181900000000000000e+04 1.000008000000000000e+06
5.000000000000000000e+01 3.303900000000000000e+04 1.000012000000000000e+06
5.500000000000000000e+01 3.306800000000000000e+04 1.000012000000000000e+06
6.000000000000000000e+01 3.413100000000000000e+04 1.000008000000000000e+06
6.500000000000000000e+01 3.571500000000000000e+04 1.000008000000000000e+06
7.000000000000000000e+01 3.796400000000000000e+04 1.000012000000000000e+06
7.500000000000000000e+01 3.952100000000000000e+04 1.000008000000000000e+06
8.000000000000000000e+01 4.676700000000000000e+04 1.000008000000000000e+06
8.500000000000000000e+01 6.958100000000000000e+04 1.000008000000000000e+06
9.000000000000000000e+01 9.299300000000000000e+04 1.000012000000000000e+06
9.500000000000000000e+01 1.726770000000000000e+05 1.000012000000000000e+06
