5.000000000000000000e+01 4.706000000000000000e+03 2.000080000000000000e+05
5.500000000000000000e+01 4.835000000000000000e+03 2.000120000000000000e+05
6.000000000000000000e+01 5.022000000000000000e+03 2.000120000000000000e+05
6.500000000000000000e+01 5.060000000000000000e+03 2.000120000000000000e+05
7.000000000000000000e+01 5.358000000000000000e+03 2.000080000000000000e+05
7.500000000000000000e+01 5.786000000000000000e+03 2.000080000000000000e+05
8.000000000000000000e+01 5.941000000000000000e+03 2.000120000000000000e+05
8.500000000000000000e+01 6.370000000000000000e+03 2.000080000000000000e+05
9.000000000000000000e+01 7.474000000000000000e+03 2.000080000000000000e+05
9.500000000000000000e+01 8.530000000000000000e+03 2.000120000000000000e+05
1.000000000000000000e+02 1.908900000000000000e+04 2.000120000000000000e+05
1.050000000000000000e+02 2.966400000000000000e+04 2.000120000000000000e+05
1.100000000000000000e+02 4.644300000000000000e+04 2.000120000000000000e+05
1.150000000000000000e+02 7.796900000000000000e+04 2.000120000000000000e+05
1.200000000000000000e+02 1.246810000000000000e+05 2.000120000000000000e+05
1.250000000000000000e+02 1.452480000000000000e+05 2.000120000000000000e+05
1.300000000000000000e+02 1.576680000000000000e+05 2.000080000000000000e+05
1.350000000000000000e+02 1.133950000000000000e+05 2.000080000000000000e+05
1.400000000000000000e+02 1.244340000000000000e+05 2.000080000000000000e+05
1.450000000000000000e+02 1.153800000000000000e+05 2.000120000000000000e+05
1.500000000000000000e+02 1.542110000000000000e+05 2.000080000000000000e+05
1.550000000000000000e+02 1.736160000000000000e+05 2.000080000000000000e+05
1.600000000000000000e+02 1.726890000000000000e+05 2.000120000000000000e+05
1.650000000000000000e+02 1.778120000000000000e+05 2.000160000000000000e+05
1.700000000000000000e+02 2.100830000000000000e+05 2.000080000000000000e+05
1.750000000000000000e+02 2.269170000000000000e+05 2.000080000000000000e+05
1.800000000000000000e+02 2.201050000000000000e+05 2.000080000000000000e+05
1.850000000000000000e+02 2.668950000000000000e+05 2.000080000000000000e+05
1.900000000000000000e+02 2.855070000000000000e+05 2.000080000000000000e+05
1.950000000000000000e+02 3.092370000000000000e+05 2.000080000000000000e+05
2.000000000000000000e+02 2.868950000000000000e+05 2.000160000000000000e+05
2.050000000000000000e+02 3.094330000000000000e+05 2.000120000000000000e+05
2.100000000000000000e+02 3.056630000000000000e+05 2.000120000000000000e+05
2.150000000000000000e+02 3.200060000000000000e+05 2.000080000000000000e+05
2.200000000000000000e+02 3.115490000000000000e+05 2.000120000000000000e+05
2.250000000000000000e+02 2.650910000000000000e+05 2.000120000000000000e+05
2.300000000000000000e+02 3.028080000000000000e+05 2.000080000000000000e+05
2.350000000000000000e+02 2.342000000000000000e+05 2.000080000000000000e+05
2.400000000000000000e+02 1.938850000000000000e+05 2.000080000000000000e+05
2.450000000000000000e+02 1.197260000000000000e+05 2.000080000000000000e+05
2.500000000000000000e+02 6.670300000000000000e+04 2.000120000000000000e+05
2.550000000000000000e+02 4.497900000000000000e+04 2.000080000000000000e+05
2.600000000000000000e+02 3.238100000000000000e+04 2.000120000000000000e+05
2.650000000000000000e+02 1.785400000000000000e+04 2.000080000000000000e+05
2.700000000000000000e+02 1.633200000000000000e+04 2.000080000000000000e+05
2.750000000000000000e+02 1.589300000000000000e+04 2.000120000000000000e+05
2.800000000000000000e+02 1.260900000000000000e+04 2.000080000000000000e+05
2.850000000000000000e+02 1.316200000000000000e+04 2.000080000000000000e+05
2.900000000000000000e+02 1.180800000000000000e+04 2.000080000000000000e+05
2.950000000000000000e+02 1.018500000000000000e+04 2.000120000000000000e+05
