-1.000000000000000000e+02 3.800000000000000000e+01 2.000080000000000000e+05
-9.500000000000000000e+01 5.200000000000000000e+01 2.000080000000000000e+05
-9.000000000000000000e+01 4.700000000000000000e+01 2.000080000000000000e+05
-8.500000000000000000e+01 4.600000000000000000e+01 2.000080000000000000e+05
-8.000000000000000000e+01 4.000000000000000000e+01 2.000080000000000000e+05
-7.500000000000000000e+01 4.100000000000000000e+01 2.000120000000000000e+05
-7.000000000000000000e+01 4.900000000000000000e+01 2.000080000000000000e+05
-6.500000000000000000e+01 3.600000000000000000e+01 2.000120000000000000e+05
-6.000000000000000000e+01 3.600000000000000000e+01 2.000120000000000000e+05
-5.500000000000000000e+01 4.100000000000000000e+01 2.000120000000000000e+05
-5.000000000000000000e+01 2.900000000000000000e+01 2.000120000000000000e+05
-4.500000000000000000e+01 4.400000000000000000e+01 2.000120000000000000e+05
-4.000000000000000000e+01 4.300000000000000000e+01 2.000080000000000000e+05
-3.500000000000000000e+01 4.300000000000000000e+01 2.000080000000000000e+05
-3.000000000000000000e+01 3.000000000000000000e+01 2.000120000000000000e+05
-2.500000000000000000e+01 4.400000000000000000e+01 2.000120000000000000e+05
-2.000000000000000000e+01 4.900000000000000000e+01 2.000120000000000000e+05
-1.500000000000000000e+01 4.400000000000000000e+01 2.000120000000000000e+05
-1.000000000000000000e+01 4.300000000000000000e+01 2.000120000000000000e+05
-5.000000000000000000e+00 3.400000000000000000e+01 2.000080000000000000e+05
0.000000000000000000e+00 4.000000000000000000e+01 2.000120000000000000e+05
5.000000000000000000e+00 5.000000000000000000e+01 2.000120000000000000e+05
1.000000000000000000e+01 4.700000000000000000e+01 2.000080000000000000e+05
1.500000000000000000e+01 4.900000000000000000e+01 2.000120000000000000e+05
2.000000000000000000e+01 4.300000000000000000e+01 2.000120000000000000e+05
2.500000000000000000e+01 4.100000000000000000e+01 2.000120000000000000e+05
3.000000000000000000e+01 4.400000000000000000e+01 2.000120000000000000e+05
3.500000000000000000e+01 4.300000000000000000e+01 2.000120000000000000e+05
4.000000000000000000e+01 4.600000000000000000e+01 2.000080000000000000e+05
4.500000000000000000e+01 4.100000000000000000e+01 2.000080000000000000e+05
5.000000000000000000e+01 5.300000000000000000e+01 2.000080000000000000e+05
5.500000000000000000e+01 6.200000000000000000e+01 2.000120000000000000e+05
6.000000000000000000e+01 4.800000000000000000e+01 2.000080000000000000e+05
6.500000000000000000e+01 6.000000000000000000e+01 2.000080000000000000e+05
7.000000000000000000e+01 5.900000000000000000e+01 2.000080000000000000e+05
7.500000000000000000e+01 6.900000000000000000e+01 2.000120000000000000e+05
8.000000000000000000e+01 7.400000000000000000e+01 2.000120000000000000e+05
8.500000000000000000e+01 7.300000000000000000e+01 2.000080000000000000e+05
9.000000000000000000e+01 9.000000000000000000e+01 2.000120000000000000e+05
9.500000000000000000e+01 2.400000000000000000e+02 2.000120000000000000e+05
1.000000000000000000e+02 5.640000000000000000e+02 2.000120000000000000e+05
1.050000000000000000e+02 1.409000000000000000e+03 2.000080000000000000e+05
1.100000000000000000e+02 2.652000000000000000e+03 2.000120000000000000e+05
1.150000000000000000e+02 3.174000000000000000e+03 2.000080000000000000e+05
1.200000000000000000e+02 4.162000000000000000e+03 2.000120000000000000e+05
1.250000000000000000e+02 5.211000000000000000e+03 2.000120000000000000e+05
1.300000000000000000e+02 5.804000000000000000e+03 2.000080000000000000e+05
1.350000000000000000e+02 6.758000000000000000e+03 2.000120000000000000e+05
1.400000000000000000e+02 7.243000000000000000e+03 2.000080000000000000e+05
1.450000000000000000e+02 7.225000000000000000e+03 2.000080000000000000e+05
1.500000000000000000e+02 7.106000000000000000e+03 2.000120000000000000e+05
1.550000000000000000e+02 7.060000000000000000e+03 2.000080000000000000e+05
1.600000000000000000e+02 6.749000000000000000e+03 2.000080000000000000e+05
1.650000000000000000e+02 6.641000000000000000e+03 2.000120000000000000e+05
1.700000000000000000e+02 6.307000000000000000e+03 2.000080000000000000e+05
1.750000000000000000e+02 6.038000000000000000e+03 2.000080000000000000e+05
1.800000000000000000e+02 5.618000000000000000e+03 2.000080000000000000e+05
1.850000000000000000e+02 5.149000000000000000e+03 2.000120000000000000e+05
1.900000000000000000e+02 4.534000000000000000e+03 2.000080000000000000e+05
1.950000000000000000e+02 4.362000000000000000e+03 2.000080000000000000e+05
2.000000000000000000e+02 3.834000000000000000e+03 2.000120000000000000e+05
2.050000000000000000e+02 3.464000000000000000e+03 2.000080000000000000e+05
2.100000000000000000e+02 3.269000000000000000e+03 2.000120000000000000e+05
2.150000000000000000e+02 2.841000000000000000e+03 2.000080000000000000e+05
2.200000000000000000e+02 2.453000000000000000e+03 2.000120000000000000e+05
2.250000000000000000e+02 2.129000000000000000e+03 2.000080000000000000e+05
2.300000000000000000e+02 1.834000000000000000e+03 2.000080000000000000e+05
2.350000000000000000e+02 1.645000000000000000e+03 2.000080000000000000e+05
2.400000000000000000e+02 1.163000000000000000e+03 2.000120000000000000e+05
2.450000000000000000e+02 9.480000000000000000e+02 2.000120000000000000e+05
2.500000000000000000e+02 6.750000000000000000e+02 2.000080000000000000e+05
2.550000000000000000e+02 4.240000000000000000e+02 2.000120000000000000e+05
2.600000000000000000e+02 2.730000000000000000e+02 2.000120000000000000e+05
2.650000000000000000e+02 1.330000000000000000e+02 2.000080000000000000e+05
2.700000000000000000e+02 9.400000000000000000e+01 2.000080000000000000e+05
2.750000000000000000e+02 8.900000000000000000e+01 2.000120000000000000e+05
2.800000000000000000e+02 6.600000000000000000e+01 2.000080000000000000e+05
2.850000000000000000e+02 6.700000000000000000e+01 2.000080000000000000e+05
2.900000000000000000e+02 6.300000000000000000e+01 2.000080000000000000e+05
2.950000000000000000e+02 6.900000000000000000e+01 2.000080000000000000e+05
