-2.000000000000000000e+02 4.572000000000000000e+03 2.000120000000000000e+05
-1.950000000000000000e+02 4.213000000000000000e+03 2.000120000000000000e+05
-1.900000000000000000e+02 7.208000000000000000e+03 2.000120000000000000e+05
-1.850000000000000000e+02 1.008800000000000000e+04 2.000080000000000000e+05
-1.800000000000000000e+02 1.336000000000000000e+04 2.000160000000000000e+05
-1.750000000000000000e+02 1.435700000000000000e+04 2.000080000000000000e+05
-1.700000000000000000e+02 1.435600000000000000e+04 2.000080000000000000e+05
-1.650000000000000000e+02 1.379100000000000000e+04 2.000120000000000000e+05
-1.600000000000000000e+02 1.250600000000000000e+04 2.000120000000000000e+05
-1.550000000000000000e+02 1.043700000000000000e+04 2.000120000000000000e+05
-1.500000000000000000e+02 7.535000000000000000e+03 2.000080000000000000e+05
-1.450000000000000000e+02 5.221000000000000000e+03 2.000080000000000000e+05
-1.400000000000000000e+02 3.030000000000000000e+03 2.000080000000000000e+05
-1.350000000000000000e+02 1.701000000000000000e+03 2.000080000000000000e+05
-1.300000000000000000e+02 1.363000000000000000e+03 2.000120000000000000e+05
-1.250000000000000000e+02 1.593000000000000000e+03 2.000120000000000000e+05
-1.200000000000000000e+02 1.974000000000000000e+03 2.000120000000000000e+05
-1.150000000000000000e+02 2.561000000000000000e+03 2.000120000000000000e+05
-1.100000000000000000e+02 4.182000000000000000e+03 2.000120000000000000e+05
-1.050000000000000000e+02 4.908000000000000000e+03 2.000120000000000000e+05
-1.000000000000000000e+02 5.277000000000000000e+03 2.000120000000000000e+05
-9.500000000000000000e+01 4.795000000000000000e+03 2.000080000000000000e+05
-9.000000000000000000e+01 4.381000000000000000e+03 2.000120000000000000e+05
-8.500000000000000000e+01 4.426000000000000000e+03 2.000080000000000000e+05
-8.000000000000000000e+01 5.037000000000000000e+03 2.000080000000000000e+05
-7.500000000000000000e+01 5.636000000000000000e+03 2.000080000000000000e+05
-7.000000000000000000e+01 6.291000000000000000e+03 2.000080000000000000e+05
-6.500000000000000000e+01 6.727000000000000000e+03 2.000120000000000000e+05
-6.000000000000000000e+01 7.151000000000000000e+03 2.000080000000000000e+05
-5.500000000000000000e+01 7.475000000000000000e+03 2.000120000000000000e+05
-5.000000000000000000e+01 7.078000000000000000e+03 2.000080000000000000e+05
-4.500000000000000000e+01 7.041000000000000000e+03 2.000080000000000000e+05
-4.000000000000000000e+01 6.977000000000000000e+03 2.000160000000000000e+05
-3.500000000000000000e+01 6.765000000000000000e+03 2.000120000000000000e+05
-3.000000000000000000e+01 6.675000000000000000e+03 2.000120000000000000e+05
-2.500000000000000000e+01 6.015000000000000000e+03 2.000080000000000000e+05
-2.000000000000000000e+01 5.637000000000000000e+03 2.000120000000000000e+05
-1.500000000000000000e+01 5.096000000000000000e+03 2.000120000000000000e+05
-1.000000000000000000e+01 4.793000000000000000e+03 2.000120000000000000e+05
-5.000000000000000000e+00 4.157000000000000000e+03 2.000080000000000000e+05
0.000000000000000000e+00 3.791000000000000000e+03 2.000120000000000000e+05
5.000000000000000000e+00 3.611000000000000000e+03 2.000080000000000000e+05
1.000000000000000000e+01 3.141000000000000000e+03 2.000120000000000000e+05
1.500000000000000000e+01 2.666000000000000000e+03 2.000080000000000000e+05
2.000000000000000000e+01 2.187000000000000000e+03 2.000080000000000000e+05
2.500000000000000000e+01 1.888000000000000000e+03 2.000120000000000000e+05
3.000000000000000000e+01 1.566000000000000000e+03 2.000120000000000000e+05
3.500000000000000000e+01 1.181000000000000000e+03 2.000080000000000000e+05
4.000000000000000000e+01 9.360000000000000000e+02 2.000120000000000000e+05
4.500000000000000000e+01 6.250000000000000000e+02 2.000120000000000000e+05
5.000000000000000000e+01 4.160000000000000000e+02 2.000080000000000000e+05
5.500000000000000000e+01 2.670000000000000000e+02 2.000080000000000000e+05
6.000000000000000000e+01 1.240000000000000000e+02 2.000080000000000000e+05
6.500000000000000000e+01 7.300000000000000000e+01 2.000080000000000000e+05
7.000000000000000000e+01 8.900000000000000000e+01 2.000120000000000000e+05
7.500000000000000000e+01 7.700000000000000000e+01 2.000120000000000000e+05
8.000000000000000000e+01 7.200000000000000000e+01 2.000120000000000000e+05
8.500000000000000000e+01 6.300000000000000000e+01 2.000080000000000000e+05
9.000000000000000000e+01 5.900000000000000000e+01 2.000120000000000000e+05
9.500000000000000000e+01 5.400000000000000000e+01 2.000120000000000000e+05
1.000000000000000000e+02 5.900000000000000000e+01 2.000160000000000000e+05
1.050000000000000000e+02 5.300000000000000000e+01 2.000080000000000000e+05
1.100000000000000000e+02 6.000000000000000000e+01 2.000080000000000000e+05
1.150000000000000000e+02 5.700000000000000000e+01 2.000080000000000000e+05
1.200000000000000000e+02 5.400000000000000000e+01 2.000080000000000000e+05
1.250000000000000000e+02 5.400000000000000000e+01 2.000080000000000000e+05
1.300000000000000000e+02 5.300000000000000000e+01 2.000120000000000000e+05
1.350000000000000000e+02 5.200000000000000000e+01 2.000120000000000000e+05
1.400000000000000000e+02 5.000000000000000000e+01 2.000080000000000000e+05
1.450000000000000000e+02 5.100000000000000000e+01 2.000120000000000000e+05
1.500000000000000000e+02 4.600000000000000000e+01 2.000080000000000000e+05
1.550000000000000000e+02 4.400000000000000000e+01 2.000080000000000000e+05
1.600000000000000000e+02 4.200000000000000000e+01 2.000080000000000000e+05
1.650000000000000000e+02 4.100000000000000000e+01 2.000080000000000000e+05
1.700000000000000000e+02 5.000000000000000000e+01 2.000120000000000000e+05
1.750000000000000000e+02 3.700000000000000000e+01 2.000120000000000000e+05
1.800000000000000000e+02 3.900000000000000000e+01 2.000080000000000000e+05
1.850000000000000000e+02 4.400000000000000000e+01 2.000080000000000000e+05
1.900000000000000000e+02 4.900000000000000000e+01 2.000120000000000000e+05
1.950000000000000000e+02 4.800000000000000000e+01 2.000120000000000000e+05
