-4.000000000000000000e+02 3.320000000000000000e+02 2.000120000000000000e+05
-3.950000000000000000e+02 3.420000000000000000e+02 2.000080000000000000e+05
-3.900000000000000000e+02 3.320000000000000000e+02 2.000080000000000000e+05
-3.850000000000000000e+02 3.460000000000000000e+02 2.000120000000000000e+05
-3.800000000000000000e+02 3.380000000000000000e+02 2.000080000000000000e+05
-3.750000000000000000e+02 3.370000000000000000e+02 2.000080000000000000e+05
-3.700000000000000000e+02 3.280000000000000000e+02 2.000080000000000000e+05
-3.650000000000000000e+02 3.010000000000000000e+02 2.000080000000000000e+05
-3.600000000000000000e+02 3.320000000000000000e+02 2.000080000000000000e+05
-3.550000000000000000e+02 3.290000000000000000e+02 2.000160000000000000e+05
-3.500000000000000000e+02 3.260000000000000000e+02 2.000120000000000000e+05
-3.450000000000000000e+02 3.090000000000000000e+02 2.000080000000000000e+05
-3.400000000000000000e+02 3.000000000000000000e+02 2.000120000000000000e+05
-3.350000000000000000e+02 3.160000000000000000e+02 2.000120000000000000e+05
-3.300000000000000000e+02 3.340000000000000000e+02 2.000080000000000000e+05
-3.250000000000000000e+02 3.110000000000000000e+02 2.000120000000000000e+05
-3.200000000000000000e+02 3.140000000000000000e+02 2.000080000000000000e+05
-3.150000000000000000e+02 3.300000000000000000e+02 2.000080000000000000e+05
-3.100000000000000000e+02 2.960000000000000000e+02 2.000080000000000000e+05
-3.050000000000000000e+02 3.170000000000000000e+02 2.000120000000000000e+05
-3.000000000000000000e+02 3.060000000000000000e+02 2.000120000000000000e+05
-2.950000000000000000e+02 3.170000000000000000e+02 2.000120000000000000e+05
-2.900000000000000000e+02 3.070000000000000000e+02 2.000120000000000000e+05
-2.850000000000000000e+02 3.070000000000000000e+02 2.000080000000000000e+05
-2.800000000000000000e+02 3.120000000000000000e+02 2.000120000000000000e+05
-2.750000000000000000e+02 3.080000000000000000e+02 2.000080000000000000e+05
-2.700000000000000000e+02 3.060000000000000000e+02 2.000120000000000000e+05
-2.650000000000000000e+02 3.040000000000000000e+02 2.000120000000000000e+05
-2.600000000000000000e+02 3.100000000000000000e+02 2.000120000000000000e+05
-2.550000000000000000e+02 2.940000000000000000e+02 2.000080000000000000e+05
-2.500000000000000000e+02 3.320000000000000000e+02 2.000080000000000000e+05
-2.450000000000000000e+02 3.290000000000000000e+02 2.000080000000000000e+05
-2.400000000000000000e+02 3.580000000000000000e+02 2.000080000000000000e+05
-2.350000000000000000e+02 3.580000000000000000e+02 2.000080000000000000e+05
-2.300000000000000000e+02 3.370000000000000000e+02 2.000120000000000000e+05
-2.250000000000000000e+02 3.640000000000000000e+02 2.000120000000000000e+05
-2.200000000000000000e+02 3.640000000000000000e+02 2.000080000000000000e+05
-2.150000000000000000e+02 3.370000000000000000e+02 2.000120000000000000e+05
-2.100000000000000000e+02 3.650000000000000000e+02 2.000120000000000000e+05
-2.050000000000000000e+02 3.440000000000000000e+02 2.000080000000000000e+05
-2.000000000000000000e+02 3.360000000000000000e+02 2.000080000000000000e+05
-1.950000000000000000e+02 3.110000000000000000e+02 2.000120000000000000e+05
-1.900000000000000000e+02 3.110000000000000000e+02 2.000120000000000000e+05
-1.850000000000000000e+02 2.980000000000000000e+02 2.000120000000000000e+05
-1.800000000000000000e+02 3.270000000000000000e+02 2.000080000000000000e+05
-1.750000000000000000e+02 3.210000000000000000e+02 2.000080000000000000e+05
-1.700000000000000000e+02 2.890000000000000000e+02 2.000120000000000000e+05
-1.650000000000000000e+02 3.160000000000000000e+02 2.000080000000000000e+05
-1.600000000000000000e+02 2.890000000000000000e+02 2.000080000000000000e+05
-1.550000000000000000e+02 3.070000000000000000e+02 2.000080000000000000e+05
-1.500000000000000000e+02 3.090000000000000000e+02 2.000080000000000000e+05
-1.450000000000000000e+02 3.240000000000000000e+02 2.000120000000000000e+05
-1.400000000000000000e+02 3.010000000000000000e+02 2.000080000000000000e+05
-1.350000000000000000e+02 2.870000000000000000e+02 2.000120000000000000e+05
-1.300000000000000000e+02 2.890000000000000000e+02 2.000080000000000000e+05
-1.250000000000000000e+02 3.050000000000000000e+02 2.000080000000000000e+05
-1.200000000000000000e+02 3.130000000000000000e+02 2.000080000000000000e+05
-1.150000000000000000e+02 3.000000000000000000e+02 2.000120000000000000e+05
-1.100000000000000000e+02 3.760000000000000000e+02 2.000120000000000000e+05
-1.050000000000000000e+02 4.550000000000000000e+02 2.000080000000000000e+05
-1.000000000000000000e+02 4.870000000000000000e+02 2.000080000000000000e+05
-9.500000000000000000e+01 6.010000000000000000e+02 2.000080000000000000e+05
-9.000000000000000000e+01 6.880000000000000000e+02 2.000120000000000000e+05
-8.500000000000000000e+01 1.215000000000000000e+03 2.000120000000000000e+05
-8.000000000000000000e+01 2.099000000000000000e+03 2.000080000000000000e+05
-7.500000000000000000e+01 2.702000000000000000e+03 2.000120000000000000e+05
-7.000000000000000000e+01 3.739000000000000000e+03 2.000120000000000000e+05
-6.500000000000000000e+01 6.420000000000000000e+03 2.000120000000000000e+05
-6.000000000000000000e+01 1.011100000000000000e+04 2.000080000000000000e+05
-5.500000000000000000e+01 1.619500000000000000e+04 2.000120000000000000e+05
-5.000000000000000000e+01 1.782000000000000000e+04 2.000080000000000000e+05
-4.500000000000000000e+01 1.837200000000000000e+04 2.000120000000000000e+05
-4.000000000000000000e+01 1.722600000000000000e+04 2.000080000000000000e+05
-3.500000000000000000e+01 1.437500000000000000e+04 2.000080000000000000e+05
-3.000000000000000000e+01 1.069900000000000000e+04 2.000120000000000000e+05
-2.500000000000000000e+01 8.485000000000000000e+03 2.000120000000000000e+05
-2.000000000000000000e+01 6.334000000000000000e+03 2.000120000000000000e+05
-1.500000000000000000e+01 4.517000000000000000e+03 2.000120000000000000e+05
-1.000000000000000000e+01 4.239000000000000000e+03 2.000080000000000000e+05
-5.000000000000000000e+00 4.398000000000000000e+03 2.000080000000000000e+05
0.000000000000000000e+00 5.661000000000000000e+03 2.000080000000000000e+05
5.000000000000000000e+00 6.743000000000000000e+03 2.000080000000000000e+05
1.000000000000000000e+01 9.671000000000000000e+03 2.000080000000000000e+05
1.500000000000000000e+01 1.396000000000000000e+04 2.000080000000000000e+05
2.000000000000000000e+01 1.960400000000000000e+04 2.000080000000000000e+05
2.500000000000000000e+01 3.485800000000000000e+04 2.000120000000000000e+05
3.000000000000000000e+01 4.880100000000000000e+04 2.000120000000000000e+05
3.500000000000000000e+01 6.915100000000000000e+04 2.000080000000000000e+05
4.000000000000000000e+01 7.745000000000000000e+04 2.000080000000000000e+05
4.500000000000000000e+01 1.067700000000000000e+05 2.000080000000000000e+05
5.000000000000000000e+01 1.698920000000000000e+05 2.000120000000000000e+05
5.500000000000000000e+01 2.182430000000000000e+05 2.000080000000000000e+05
6.000000000000000000e+01 2.655500000000000000e+05 2.000120000000000000e+05
6.500000000000000000e+01 3.321340000000000000e+05 2.000120000000000000e+05
7.000000000000000000e+01 3.359430000000000000e+05 2.000080000000000000e+05
7.500000000000000000e+01 3.408960000000000000e+05 2.000080000000000000e+05
8.000000000000000000e+01 3.157720000000000000e+05 2.000080000000000000e+05
8.500000000000000000e+01 3.078660000000000000e+05 2.000120000000000000e+05
9.000000000000000000e+01 2.953350000000000000e+05 2.000080000000000000e+05
9.500000000000000000e+01 3.071910000000000000e+05 2.000080000000000000e+05
