5.000000000000000000e+01 2.835000000000000000e+03 2.000120000000000000e+05
5.500000000000000000e+01 3.080000000000000000e+03 2.000080000000000000e+05
6.000000000000000000e+01 3.327000000000000000e+03 2.000120000000000000e+05
6.500000000000000000e+01 3.665000000000000000e+03 2.000080000000000000e+05
7.000000000000000000e+01 4.230000000000000000e+03 2.000120000000000000e+05
7.500000000000000000e+01 5.038000000000000000e+03 2.000120000000000000e+05
8.000000000000000000e+01 6.282000000000000000e+03 2.000120000000000000e+05
8.500000000000000000e+01 9.993000000000000000e+03 2.000080000000000000e+05
9.000000000000000000e+01 1.462600000000000000e+04 2.000080000000000000e+05
9.500000000000000000e+01 3.416000000000000000e+04 2.000080000000000000e+05
1.000000000000000000e+02 6.580100000000000000e+04 2.000120000000000000e+05
1.050000000000000000e+02 8.108700000000000000e+04 2.000080000000000000e+05
1.100000000000000000e+02 1.515930000000000000e+05 2.000080000000000000e+05
1.150000000000000000e+02 2.090260000000000000e+05 2.000120000000000000e+05
1.200000000000000000e+02 2.105320000000000000e+05 2.000120000000000000e+05
1.250000000000000000e+02 2.133420000000000000e+05 2.000080000000000000e+05
1.300000000000000000e+02 1.697710000000000000e+05 2.000160000000000000e+05
1.350000000000000000e+02 1.977060000000000000e+05 2.000120000000000000e+05
1.400000000000000000e+02 2.328170000000000000e+05 2.000080000000000000e+05
1.450000000000000000e+02 2.556370000000000000e+05 2.000080000000000000e+05
1.500000000000000000e+02 2.657670000000000000e+05 2.000120000000000000e+05
1.550000000000000000e+02 2.823440000000000000e+05 2.000120000000000000e+05
1.600000000000000000e+02 2.981930000000000000e+05 2.000080000000000000e+05
1.650000000000000000e+02 3.485890000000000000e+05 2.000120000000000000e+05
1.700000000000000000e+02 3.598280000000000000e+05 2.000080000000000000e+05
1.750000000000000000e+02 5.909600000000000000e+04 2.000120000000000000e+05
1.800000000000000000e+02 9.450000000000000000e+02 2.000080000000000000e+05
1.850000000000000000e+02 3.576050000000000000e+05 2.000120000000000000e+05
1.900000000000000000e+02 3.651410000000000000e+05 2.000120000000000000e+05
1.950000000000000000e+02 3.870740000000000000e+05 2.000080000000000000e+05
2.000000000000000000e+02 3.838170000000000000e+05 2.000120000000000000e+05
2.050000000000000000e+02 4.035470000000000000e+05 2.000080000000000000e+05
2.100000000000000000e+02 3.340040000000000000e+05 2.000120000000000000e+05
2.150000000000000000e+02 2.755440000000000000e+05 2.000120000000000000e+05
2.200000000000000000e+02 2.653930000000000000e+05 2.000080000000000000e+05
2.250000000000000000e+02 2.282340000000000000e+05 2.000120000000000000e+05
2.300000000000000000e+02 2.109580000000000000e+05 2.000080000000000000e+05
2.350000000000000000e+02 2.012260000000000000e+05 2.000120000000000000e+05
2.400000000000000000e+02 1.309020000000000000e+05 2.000080000000000000e+05
2.450000000000000000e+02 5.618300000000000000e+04 2.000080000000000000e+05
2.500000000000000000e+02 4.475200000000000000e+04 2.000120000000000000e+05
2.550000000000000000e+02 2.317800000000000000e+04 2.000120000000000000e+05
2.600000000000000000e+02 1.800100000000000000e+04 2.000120000000000000e+05
2.650000000000000000e+02 1.774000000000000000e+04 2.000080000000000000e+05
2.700000000000000000e+02 1.413300000000000000e+04 2.000080000000000000e+05
2.750000000000000000e+02 1.282500000000000000e+04 2.000080000000000000e+05
2.800000000000000000e+02 1.134100000000000000e+04 2.000120000000000000e+05
2.850000000000000000e+02 1.053400000000000000e+04 2.000120000000000000e+05
2.900000000000000000e+02 9.183000000000000000e+03 2.000080000000000000e+05
2.950000000000000000e+02 9.545000000000000000e+03 2.000120000000000000e+05
