0.000000000000000000e+00 6.085000000000000000e+03 2.000120000000000000e+05
5.000000000000000000e+00 5.975000000000000000e+03 2.000080000000000000e+05
1.000000000000000000e+01 5.999000000000000000e+03 2.000120000000000000e+05
1.500000000000000000e+01 6.329000000000000000e+03 2.000080000000000000e+05
2.000000000000000000e+01 6.287000000000000000e+03 2.000120000000000000e+05
2.500000000000000000e+01 6.178000000000000000e+03 2.000120000000000000e+05
3.000000000000000000e+01 6.229000000000000000e+03 2.000080000000000000e+05
3.500000000000000000e+01 6.439000000000000000e+03 2.000080000000000000e+05
4.000000000000000000e+01 6.587000000000000000e+03 2.000080000000000000e+05
4.500000000000000000e+01 6.769000000000000000e+03 2.000120000000000000e+05
5.000000000000000000e+01 6.868000000000000000e+03 2.000120000000000000e+05
5.500000000000000000e+01 7.024000000000000000e+03 2.000120000000000000e+05
6.000000000000000000e+01 6.956000000000000000e+03 2.000120000000000000e+05
6.500000000000000000e+01 7.259000000000000000e+03 2.000080000000000000e+05
7.000000000000000000e+01 7.734000000000000000e+03 2.000120000000000000e+05
7.500000000000000000e+01 8.338000000000000000e+03 2.000160000000000000e+05
8.000000000000000000e+01 9.611000000000000000e+03 2.000080000000000000e+05
8.500000000000000000e+01 1.407400000000000000e+04 2.000120000000000000e+05
9.000000000000000000e+01 1.931000000000000000e+04 2.000120000000000000e+05
9.500000000000000000e+01 3.666100000000000000e+04 2.000080000000000000e+05
1.000000000000000000e+02 7.033200000000000000e+04 2.000120000000000000e+05
1.050000000000000000e+02 8.833600000000000000e+04 2.000080000000000000e+05
1.100000000000000000e+02 1.398360000000000000e+05 2.000080000000000000e+05
1.150000000000000000e+02 1.850210000000000000e+05 2.000080000000000000e+05
1.200000000000000000e+02 1.951100000000000000e+05 2.000080000000000000e+05
1.250000000000000000e+02 1.727600000000000000e+05 2.000080000000000000e+05
1.300000000000000000e+02 1.444680000000000000e+05 2.000120000000000000e+05
1.350000000000000000e+02 1.775960000000000000e+05 2.000080000000000000e+05
1.400000000000000000e+02 1.927050000000000000e+05 2.000080000000000000e+05
1.450000000000000000e+02 2.197670000000000000e+05 2.000120000000000000e+05
1.500000000000000000e+02 2.458520000000000000e+05 2.000120000000000000e+05
1.550000000000000000e+02 2.683560000000000000e+05 2.000080000000000000e+05
1.600000000000000000e+02 2.869250000000000000e+05 2.000080000000000000e+05
1.650000000000000000e+02 3.329030000000000000e+05 2.000120000000000000e+05
1.700000000000000000e+02 3.158040000000000000e+05 2.000080000000000000e+05
1.750000000000000000e+02 3.333220000000000000e+05 2.000120000000000000e+05
1.800000000000000000e+02 3.797390000000000000e+05 2.000080000000000000e+05
1.850000000000000000e+02 3.624240000000000000e+05 2.000080000000000000e+05
1.900000000000000000e+02 3.502710000000000000e+05 2.000080000000000000e+05
1.950000000000000000e+02 3.652270000000000000e+05 2.000120000000000000e+05
2.000000000000000000e+02 3.543070000000000000e+05 2.000120000000000000e+05
2.050000000000000000e+02 3.604970000000000000e+05 2.000120000000000000e+05
2.100000000000000000e+02 3.100630000000000000e+05 2.000080000000000000e+05
2.150000000000000000e+02 2.522010000000000000e+05 2.000080000000000000e+05
2.200000000000000000e+02 2.499500000000000000e+05 2.000080000000000000e+05
2.250000000000000000e+02 2.306210000000000000e+05 2.000120000000000000e+05
2.300000000000000000e+02 1.694400000000000000e+05 2.000080000000000000e+05
2.350000000000000000e+02 1.954530000000000000e+05 2.000120000000000000e+05
2.400000000000000000e+02 1.339740000000000000e+05 2.000120000000000000e+05
2.450000000000000000e+02 6.180400000000000000e+04 2.000080000000000000e+05
2.500000000000000000e+02 4.432600000000000000e+04 2.000120000000000000e+05
2.550000000000000000e+02 2.651500000000000000e+04 2.000120000000000000e+05
2.600000000000000000e+02 2.065500000000000000e+04 2.000080000000000000e+05
2.650000000000000000e+02 2.038600000000000000e+04 2.000080000000000000e+05
2.700000000000000000e+02 1.677200000000000000e+04 2.000080000000000000e+05
2.750000000000000000e+02 1.491100000000000000e+04 2.000120000000000000e+05
2.800000000000000000e+02 1.419800000000000000e+04 2.000120000000000000e+05
2.850000000000000000e+02 1.356600000000000000e+04 2.000080000000000000e+05
2.900000000000000000e+02 1.270900000000000000e+04 2.000120000000000000e+05
2.950000000000000000e+02 1.303600000000000000e+04 2.000080000000000000e+05
