-2.000000000000000000e+02 5.000000000000000000e+01 2.000080000000000000e+05
-1.950000000000000000e+02 5.300000000000000000e+01 2.000080000000000000e+05
-1.900000000000000000e+02 4.800000000000000000e+01 2.000120000000000000e+05
-1.850000000000000000e+02 4.700000000000000000e+01 2.000080000000000000e+05
-1.800000000000000000e+02 5.100000000000000000e+01 2.000080000000000000e+05
-1.750000000000000000e+02 5.000000000000000000e+01 2.000120000000000000e+05
-1.700000000000000000e+02 4.700000000000000000e+01 2.000080000000000000e+05
-1.650000000000000000e+02 4.100000000000000000e+01 2.000120000000000000e+05
-1.600000000000000000e+02 4.400000000000000000e+01 2.000080000000000000e+05
-1.550000000000000000e+02 4.400000000000000000e+01 2.000120000000000000e+05
-1.500000000000000000e+02 4.800000000000000000e+01 2.000080000000000000e+05
-1.450000000000000000e+02 4.700000000000000000e+01 2.000080000000000000e+05
-1.400000000000000000e+02 5.300000000000000000e+01 2.000120000000000000e+05
-1.350000000000000000e+02 5.100000000000000000e+01 2.000080000000000000e+05
-1.300000000000000000e+02 5.500000000000000000e+01 2.000120000000000000e+05
-1.250000000000000000e+02 5.100000000000000000e+01 2.000120000000000000e+05
-1.200000000000000000e+02 4.000000000000000000e+01 2.000120000000000000e+05
-1.150000000000000000e+02 5.900000000000000000e+01 2.000120000000000000e+05
-1.100000000000000000e+02 4.500000000000000000e+01 2.000120000000000000e+05
-1.050000000000000000e+02 5.100000000000000000e+01 2.000120000000000000e+05
-1.000000000000000000e+02 5.000000000000000000e+01 2.000080000000000000e+05
-9.500000000000000000e+01 4.700000000000000000e+01 2.000120000000000000e+05
-9.000000000000000000e+01 4.500000000000000000e+01 2.000120000000000000e+05
-8.500000000000000000e+01 5.000000000000000000e+01 2.000120000000000000e+05
-8.000000000000000000e+01 5.800000000000000000e+01 2.000080000000000000e+05
-7.500000000000000000e+01 4.600000000000000000e+01 2.000120000000000000e+05
-7.000000000000000000e+01 5.200000000000000000e+01 2.000080000000000000e+05
-6.500000000000000000e+01 5.100000000000000000e+01 2.000080000000000000e+05
-6.000000000000000000e+01 5.500000000000000000e+01 2.000120000000000000e+05
-5.500000000000000000e+01 6.000000000000000000e+01 2.000120000000000000e+05
-5.000000000000000000e+01 6.800000000000000000e+01 2.000080000000000000e+05
-4.500000000000000000e+01 9.100000000000000000e+01 2.000080000000000000e+05
-4.000000000000000000e+01 1.280000000000000000e+02 2.000120000000000000e+05
-3.500000000000000000e+01 2.090000000000000000e+02 2.000120000000000000e+05
-3.000000000000000000e+01 2.640000000000000000e+02 2.000120000000000000e+05
-2.500000000000000000e+01 3.660000000000000000e+02 2.000080000000000000e+05
-2.000000000000000000e+01 6.760000000000000000e+02 2.000120000000000000e+05
-1.500000000000000000e+01 1.383000000000000000e+03 2.000120000000000000e+05
-1.000000000000000000e+01 2.293000000000000000e+03 2.000120000000000000e+05
-5.000000000000000000e+00 2.710000000000000000e+03 2.000120000000000000e+05
0.000000000000000000e+00 3.715000000000000000e+03 2.000080000000000000e+05
5.000000000000000000e+00 6.795000000000000000e+03 2.000120000000000000e+05
1.000000000000000000e+01 9.378000000000000000e+03 2.000120000000000000e+05
1.500000000000000000e+01 1.320500000000000000e+04 2.000120000000000000e+05
2.000000000000000000e+01 1.415200000000000000e+04 2.000120000000000000e+05
2.500000000000000000e+01 1.442400000000000000e+04 2.000120000000000000e+05
3.000000000000000000e+01 1.400400000000000000e+04 2.000120000000000000e+05
3.500000000000000000e+01 1.250000000000000000e+04 2.000120000000000000e+05
4.000000000000000000e+01 1.081100000000000000e+04 2.000080000000000000e+05
4.500000000000000000e+01 7.827000000000000000e+03 2.000080000000000000e+05
5.000000000000000000e+01 5.429000000000000000e+03 2.000120000000000000e+05
5.500000000000000000e+01 3.173000000000000000e+03 2.000080000000000000e+05
6.000000000000000000e+01 1.816000000000000000e+03 2.000080000000000000e+05
6.500000000000000000e+01 1.443000000000000000e+03 2.000120000000000000e+05
7.000000000000000000e+01 1.579000000000000000e+03 2.000120000000000000e+05
7.500000000000000000e+01 1.961000000000000000e+03 2.000080000000000000e+05
8.000000000000000000e+01 2.529000000000000000e+03 2.000120000000000000e+05
8.500000000000000000e+01 4.141000000000000000e+03 2.000120000000000000e+05
9.000000000000000000e+01 5.201000000000000000e+03 2.000120000000000000e+05
9.500000000000000000e+01 5.444000000000000000e+03 2.000120000000000000e+05
1.000000000000000000e+02 4.858000000000000000e+03 2.000080000000000000e+05
1.050000000000000000e+02 4.676000000000000000e+03 2.000120000000000000e+05
1.100000000000000000e+02 4.573000000000000000e+03 2.000120000000000000e+05
1.150000000000000000e+02 5.011000000000000000e+03 2.000120000000000000e+05
1.200000000000000000e+02 6.179000000000000000e+03 2.000080000000000000e+05
1.250000000000000000e+02 6.542000000000000000e+03 2.000120000000000000e+05
1.300000000000000000e+02 7.061000000000000000e+03 2.000080000000000000e+05
1.350000000000000000e+02 7.368000000000000000e+03 2.000080000000000000e+05
1.400000000000000000e+02 7.208000000000000000e+03 2.000080000000000000e+05
1.450000000000000000e+02 7.097000000000000000e+03 2.000080000000000000e+05
1.500000000000000000e+02 6.837000000000000000e+03 2.000120000000000000e+05
1.550000000000000000e+02 6.713000000000000000e+03 2.000120000000000000e+05
1.600000000000000000e+02 6.461000000000000000e+03 2.000080000000000000e+05
1.650000000000000000e+02 6.199000000000000000e+03 2.000080000000000000e+05
1.700000000000000000e+02 6.072000000000000000e+03 2.000080000000000000e+05
1.750000000000000000e+02 5.497000000000000000e+03 2.000080000000000000e+05
1.800000000000000000e+02 4.904000000000000000e+03 2.000080000000000000e+05
1.850000000000000000e+02 4.506000000000000000e+03 2.000080000000000000e+05
1.900000000000000000e+02 4.223000000000000000e+03 2.000120000000000000e+05
1.950000000000000000e+02 3.716000000000000000e+03 2.000120000000000000e+05
2.000000000000000000e+02 3.539000000000000000e+03 2.000080000000000000e+05
2.050000000000000000e+02 3.038000000000000000e+03 2.000120000000000000e+05
2.100000000000000000e+02 2.675000000000000000e+03 2.000120000000000000e+05
2.150000000000000000e+02 2.189000000000000000e+03 2.000080000000000000e+05
2.200000000000000000e+02 1.971000000000000000e+03 2.000120000000000000e+05
2.250000000000000000e+02 1.712000000000000000e+03 2.000120000000000000e+05
2.300000000000000000e+02 1.242000000000000000e+03 2.000120000000000000e+05
2.350000000000000000e+02 9.680000000000000000e+02 2.000120000000000000e+05
2.400000000000000000e+02 7.140000000000000000e+02 2.000080000000000000e+05
2.450000000000000000e+02 4.560000000000000000e+02 2.000160000000000000e+05
2.500000000000000000e+02 2.810000000000000000e+02 2.000080000000000000e+05
2.550000000000000000e+02 1.260000000000000000e+02 2.000080000000000000e+05
2.600000000000000000e+02 8.100000000000000000e+01 2.000080000000000000e+05
2.650000000000000000e+02 7.400000000000000000e+01 2.000080000000000000e+05
2.700000000000000000e+02 7.900000000000000000e+01 2.000120000000000000e+05
2.750000000000000000e+02 6.500000000000000000e+01 2.000080000000000000e+05
2.800000000000000000e+02 7.400000000000000000e+01 2.000120000000000000e+05
2.850000000000000000e+02 5.800000000000000000e+01 2.000120000000000000e+05
2.900000000000000000e+02 5.500000000000000000e+01 2.000080000000000000e+05
2.950000000000000000e+02 5.600000000000000000e+01 2.000080000000000000e+05
