-1.000000000000000000e+02 3.900000000000000000e+01 2.000120000000000000e+05
-9.500000000000000000e+01 4.700000000000000000e+01 2.000120000000000000e+05
-9.000000000000000000e+01 5.700000000000000000e+01 2.000120000000000000e+05
-8.500000000000000000e+01 3.800000000000000000e+01 2.000080000000000000e+05
-8.000000000000000000e+01 4.400000000000000000e+01 2.000080000000000000e+05
-7.500000000000000000e+01 4.000000000000000000e+01 2.000120000000000000e+05
-7.000000000000000000e+01 3.800000000000000000e+01 2.000120000000000000e+05
-6.500000000000000000e+01 3.300000000000000000e+01 2.000080000000000000e+05
-6.000000000000000000e+01 3.500000000000000000e+01 2.000120000000000000e+05
-5.500000000000000000e+01 4.100000000000000000e+01 2.000120000000000000e+05
-5.000000000000000000e+01 4.800000000000000000e+01 2.000120000000000000e+05
-4.500000000000000000e+01 4.500000000000000000e+01 2.000120000000000000e+05
-4.000000000000000000e+01 4.000000000000000000e+01 2.000120000000000000e+05
-3.500000000000000000e+01 4.900000000000000000e+01 2.000080000000000000e+05
-3.000000000000000000e+01 5.300000000000000000e+01 2.000080000000000000e+05
-2.500000000000000000e+01 6.600000000000000000e+01 2.000120000000000000e+05
-2.000000000000000000e+01 6.500000000000000000e+01 2.000080000000000000e+05
-1.500000000000000000e+01 5.900000000000000000e+01 2.000120000000000000e+05
-1.000000000000000000e+01 5.300000000000000000e+01 2.000120000000000000e+05
-5.000000000000000000e+00 5.100000000000000000e+01 2.000120000000000000e+05
0.000000000000000000e+00 6.100000000000000000e+01 2.000080000000000000e+05
5.000000000000000000e+00 5.500000000000000000e+01 2.000080000000000000e+05
1.000000000000000000e+01 5.200000000000000000e+01 2.000120000000000000e+05
1.500000000000000000e+01 5.500000000000000000e+01 2.000120000000000000e+05
2.000000000000000000e+01 5.500000000000000000e+01 2.000080000000000000e+05
2.500000000000000000e+01 5.200000000000000000e+01 2.000080000000000000e+05
3.000000000000000000e+01 5.300000000000000000e+01 2.000080000000000000e+05
3.500000000000000000e+01 6.000000000000000000e+01 2.000080000000000000e+05
4.000000000000000000e+01 5.700000000000000000e+01 2.000120000000000000e+05
4.500000000000000000e+01 5.500000000000000000e+01 2.000080000000000000e+05
5.000000000000000000e+01 5.900000000000000000e+01 2.000120000000000000e+05
5.500000000000000000e+01 6.300000000000000000e+01 2.000080000000000000e+05
6.000000000000000000e+01 5.100000000000000000e+01 2.000080000000000000e+05
6.500000000000000000e+01 6.500000000000000000e+01 2.000120000000000000e+05
7.000000000000000000e+01 7.300000000000000000e+01 2.000080000000000000e+05
7.500000000000000000e+01 7.200000000000000000e+01 2.000080000000000000e+05
8.000000000000000000e+01 8.100000000000000000e+01 2.000120000000000000e+05
8.500000000000000000e+01 9.200000000000000000e+01 2.000080000000000000e+05
9.000000000000000000e+01 2.280000000000000000e+02 2.000080000000000000e+05
9.500000000000000000e+01 6.910000000000000000e+02 2.000120000000000000e+05
1.000000000000000000e+02 1.364000000000000000e+03 2.000120000000000000e+05
1.050000000000000000e+02 2.597000000000000000e+03 2.000080000000000000e+05
1.100000000000000000e+02 2.976000000000000000e+03 2.000080000000000000e+05
1.150000000000000000e+02 3.962000000000000000e+03 2.000080000000000000e+05
1.200000000000000000e+02 5.025000000000000000e+03 2.000080000000000000e+05
1.250000000000000000e+02 5.872000000000000000e+03 2.000080000000000000e+05
1.300000000000000000e+02 6.583000000000000000e+03 2.000120000000000000e+05
1.350000000000000000e+02 7.234000000000000000e+03 2.000080000000000000e+05
1.400000000000000000e+02 6.947000000000000000e+03 2.000080000000000000e+05
1.450000000000000000e+02 7.148000000000000000e+03 2.000080000000000000e+05
1.500000000000000000e+02 6.684000000000000000e+03 2.000080000000000000e+05
1.550000000000000000e+02 6.835000000000000000e+03 2.000080000000000000e+05
1.600000000000000000e+02 6.223000000000000000e+03 2.000120000000000000e+05
1.650000000000000000e+02 6.634000000000000000e+03 2.000120000000000000e+05
1.700000000000000000e+02 6.208000000000000000e+03 2.000120000000000000e+05
1.750000000000000000e+02 5.968000000000000000e+03 2.000080000000000000e+05
1.800000000000000000e+02 5.469000000000000000e+03 2.000080000000000000e+05
1.850000000000000000e+02 4.956000000000000000e+03 2.000120000000000000e+05
1.900000000000000000e+02 4.608000000000000000e+03 2.000080000000000000e+05
1.950000000000000000e+02 4.203000000000000000e+03 2.000120000000000000e+05
2.000000000000000000e+02 3.816000000000000000e+03 2.000120000000000000e+05
2.050000000000000000e+02 3.591000000000000000e+03 2.000120000000000000e+05
2.100000000000000000e+02 3.151000000000000000e+03 2.000120000000000000e+05
2.150000000000000000e+02 2.681000000000000000e+03 2.000120000000000000e+05
2.200000000000000000e+02 2.218000000000000000e+03 2.000120000000000000e+05
2.250000000000000000e+02 1.925000000000000000e+03 2.000120000000000000e+05
2.300000000000000000e+02 1.555000000000000000e+03 2.000080000000000000e+05
2.350000000000000000e+02 1.201000000000000000e+03 2.000120000000000000e+05
2.400000000000000000e+02 8.990000000000000000e+02 2.000080000000000000e+05
2.450000000000000000e+02 6.700000000000000000e+02 2.000080000000000000e+05
2.500000000000000000e+02 4.100000000000000000e+02 2.000080000000000000e+05
2.550000000000000000e+02 2.520000000000000000e+02 2.000120000000000000e+05
2.600000000000000000e+02 1.300000000000000000e+02 2.000080000000000000e+05
2.650000000000000000e+02 8.900000000000000000e+01 2.000080000000000000e+05
2.700000000000000000e+02 8.700000000000000000e+01 2.000080000000000000e+05
2.750000000000000000e+02 7.000000000000000000e+01 2.000120000000000000e+05
2.800000000000000000e+02 6.800000000000000000e+01 2.000120000000000000e+05
2.850000000000000000e+02 6.700000000000000000e+01 2.000080000000000000e+05
2.900000000000000000e+02 7.100000000000000000e+01 2.000080000000000000e+05
2.950000000000000000e+02 6.900000000000000000e+01 2.000080000000000000e+05
