-2.000000000000000000e+02 1.228690000000000000e+05 2.000080000000000000e+05
-1.950000000000000000e+02 1.832100000000000000e+04 2.000120000000000000e+05
-1.900000000000000000e+02 2.962800000000000000e+04 2.000080000000000000e+05
-1.850000000000000000e+02 3.624400000000000000e+04 2.000080000000000000e+05
-1.800000000000000000e+02 4.026700000000000000e+04 2.000120000000000000e+05
-1.750000000000000000e+02 3.766500000000000000e+04 2.000120000000000000e+05
-1.700000000000000000e+02 3.581000000000000000e+04 2.000080000000000000e+05
-1.650000000000000000e+02 3.191900000000000000e+04 2.000080000000000000e+05
-1.600000000000000000e+02 2.756200000000000000e+04 2.000120000000000000e+05
-1.550000000000000000e+02 2.404700000000000000e+04 2.000120000000000000e+05
-1.500000000000000000e+02 1.992400000000000000e+04 2.000120000000000000e+05
-1.450000000000000000e+02 1.753600000000000000e+04 2.000120000000000000e+05
-1.400000000000000000e+02 1.606400000000000000e+04 2.000120000000000000e+05
-1.350000000000000000e+02 1.587700000000000000e+04 2.000080000000000000e+05
-1.300000000000000000e+02 1.675500000000000000e+04 2.000080000000000000e+05
-1.250000000000000000e+02 1.927900000000000000e+04 2.000080000000000000e+05
-1.200000000000000000e+02 2.241000000000000000e+04 2.000080000000000000e+05
-1.150000000000000000e+02 2.757100000000000000e+04 2.000080000000000000e+05
-1.100000000000000000e+02 4.070700000000000000e+04 2.000080000000000000e+05
-1.050000000000000000e+02 4.769100000000000000e+04 2.000080000000000000e+05
-1.000000000000000000e+02 6.124000000000000000e+04 2.000120000000000000e+05
-9.500000000000000000e+01 9.078000000000000000e+04 2.000080000000000000e+05
-9.000000000000000000e+01 1.070340000000000000e+05 2.000080000000000000e+05
-8.500000000000000000e+01 1.315630000000000000e+05 2.000120000000000000e+05
-8.000000000000000000e+01 1.533130000000000000e+05 2.000120000000000000e+05
-7.500000000000000000e+01 1.768740000000000000e+05 2.000120000000000000e+05
-7.000000000000000000e+01 2.353310000000000000e+05 2.000120000000000000e+05
-6.500000000000000000e+01 2.576360000000000000e+05 2.000120000000000000e+05
-6.000000000000000000e+01 2.858870000000000000e+05 2.000120000000000000e+05
-5.500000000000000000e+01 3.083800000000000000e+05 2.000080000000000000e+05
-5.000000000000000000e+01 3.227890000000000000e+05 2.000080000000000000e+05
-4.500000000000000000e+01 3.436870000000000000e+05 2.000080000000000000e+05
-4.000000000000000000e+01 3.490020000000000000e+05 2.000120000000000000e+05
-3.500000000000000000e+01 3.527780000000000000e+05 2.000080000000000000e+05
-3.000000000000000000e+01 3.629840000000000000e+05 2.000120000000000000e+05
-2.500000000000000000e+01 3.689990000000000000e+05 2.000080000000000000e+05
-2.000000000000000000e+01 3.645950000000000000e+05 2.000080000000000000e+05
-1.500000000000000000e+01 3.681790000000000000e+05 2.000120000000000000e+05
-1.000000000000000000e+01 3.766280000000000000e+05 2.000120000000000000e+05
-5.000000000000000000e+00 4.038010000000000000e+05 2.000080000000000000e+05
0.000000000000000000e+00 4.305430000000000000e+05 2.000080000000000000e+05
5.000000000000000000e+00 4.374230000000000000e+05 2.000080000000000000e+05
1.000000000000000000e+01 4.461100000000000000e+05 2.000120000000000000e+05
1.500000000000000000e+01 4.355800000000000000e+05 2.000080000000000000e+05
2.000000000000000000e+01 3.974120000000000000e+05 2.000080000000000000e+05
2.500000000000000000e+01 3.504070000000000000e+05 2.000120000000000000e+05
3.000000000000000000e+01 3.095380000000000000e+05 2.000120000000000000e+05
3.500000000000000000e+01 2.091820000000000000e+05 2.000120000000000000e+05
4.000000000000000000e+01 1.468700000000000000e+05 2.000120000000000000e+05
4.500000000000000000e+01 1.046500000000000000e+05 2.000080000000000000e+05
5.000000000000000000e+01 4.312500000000000000e+04 2.000080000000000000e+05
5.500000000000000000e+01 3.107100000000000000e+04 2.000120000000000000e+05
6.000000000000000000e+01 1.773200000000000000e+04 2.000080000000000000e+05
6.500000000000000000e+01 1.551700000000000000e+04 2.000080000000000000e+05
7.000000000000000000e+01 1.488000000000000000e+04 2.000120000000000000e+05
7.500000000000000000e+01 1.282200000000000000e+04 2.000120000000000000e+05
8.000000000000000000e+01 1.291500000000000000e+04 2.000120000000000000e+05
8.500000000000000000e+01 1.271300000000000000e+04 2.000120000000000000e+05
9.000000000000000000e+01 1.254400000000000000e+04 2.000080000000000000e+05
9.500000000000000000e+01 1.239400000000000000e+04 2.000120000000000000e+05
1.000000000000000000e+02 1.248200000000000000e+04 2.000120000000000000e+05
1.050000000000000000e+02 1.186500000000000000e+04 2.000120000000000000e+05
1.100000000000000000e+02 1.204400000000000000e+04 2.000080000000000000e+05
1.150000000000000000e+02 1.195000000000000000e+04 2.000120000000000000e+05
1.200000000000000000e+02 1.077200000000000000e+04 2.000120000000000000e+05
1.250000000000000000e+02 1.026600000000000000e+04 2.000080000000000000e+05
1.300000000000000000e+02 1.066400000000000000e+04 2.000120000000000000e+05
1.350000000000000000e+02 1.085100000000000000e+04 2.000080000000000000e+05
1.400000000000000000e+02 1.078700000000000000e+04 2.000080000000000000e+05
1.450000000000000000e+02 1.049900000000000000e+04 2.000080000000000000e+05
