-1.000000000000000000e+02 2.089350000000000000e+05 2.000120000000000000e+05
-9.500000000000000000e+01 1.101700000000000000e+05 2.000120000000000000e+05
-9.000000000000000000e+01 1.321600000000000000e+05 2.000080000000000000e+05
-8.500000000000000000e+01 1.567450000000000000e+05 2.000080000000000000e+05
-8.000000000000000000e+01 1.784290000000000000e+05 2.000080000000000000e+05
-7.500000000000000000e+01 2.349090000000000000e+05 2.000120000000000000e+05
-7.000000000000000000e+01 2.527720000000000000e+05 2.000120000000000000e+05
-6.500000000000000000e+01 2.806440000000000000e+05 2.000080000000000000e+05
-6.000000000000000000e+01 3.032220000000000000e+05 2.000120000000000000e+05
-5.500000000000000000e+01 3.257770000000000000e+05 2.000080000000000000e+05
-5.000000000000000000e+01 3.436280000000000000e+05 2.000120000000000000e+05
-4.500000000000000000e+01 3.509990000000000000e+05 2.000120000000000000e+05
-4.000000000000000000e+01 3.529190000000000000e+05 2.000120000000000000e+05
-3.500000000000000000e+01 3.614460000000000000e+05 2.000080000000000000e+05
-3.000000000000000000e+01 3.647340000000000000e+05 2.000120000000000000e+05
-2.500000000000000000e+01 3.571190000000000000e+05 2.000080000000000000e+05
-2.000000000000000000e+01 3.617050000000000000e+05 2.000120000000000000e+05
-1.500000000000000000e+01 3.749640000000000000e+05 2.000120000000000000e+05
-1.000000000000000000e+01 4.069200000000000000e+05 2.000120000000000000e+05
-5.000000000000000000e+00 4.253280000000000000e+05 2.000080000000000000e+05
0.000000000000000000e+00 4.352190000000000000e+05 2.000080000000000000e+05
5.000000000000000000e+00 4.483930000000000000e+05 2.000080000000000000e+05
1.000000000000000000e+01 4.320670000000000000e+05 2.000080000000000000e+05
1.500000000000000000e+01 3.862840000000000000e+05 2.000120000000000000e+05
2.000000000000000000e+01 3.462770000000000000e+05 2.000080000000000000e+05
2.500000000000000000e+01 3.041070000000000000e+05 2.000120000000000000e+05
3.000000000000000000e+01 1.892090000000000000e+05 2.000120000000000000e+05
3.500000000000000000e+01 1.382880000000000000e+05 2.000120000000000000e+05
4.000000000000000000e+01 1.028200000000000000e+05 2.000080000000000000e+05
4.500000000000000000e+01 4.264100000000000000e+04 2.000120000000000000e+05
5.000000000000000000e+01 3.084200000000000000e+04 2.000080000000000000e+05
5.500000000000000000e+01 1.788800000000000000e+04 2.000080000000000000e+05
6.000000000000000000e+01 1.550600000000000000e+04 2.000080000000000000e+05
6.500000000000000000e+01 1.442700000000000000e+04 2.000120000000000000e+05
7.000000000000000000e+01 1.277700000000000000e+04 2.000080000000000000e+05
7.500000000000000000e+01 1.255200000000000000e+04 2.000080000000000000e+05
8.000000000000000000e+01 1.211900000000000000e+04 2.000120000000000000e+05
8.500000000000000000e+01 1.182400000000000000e+04 2.000080000000000000e+05
9.000000000000000000e+01 1.184100000000000000e+04 2.000080000000000000e+05
9.500000000000000000e+01 1.154800000000000000e+04 2.000080000000000000e+05
