-9.520000000000000000e+02 6.893000000000000000e+03 5.000120000000000000e+05
-9.480000000000000000e+02 6.426000000000000000e+03 5.000120000000000000e+05
-9.440000000000000000e+02 6.846000000000000000e+03 5.000080000000000000e+05
-9.400000000000000000e+02 7.033000000000000000e+03 5.000080000000000000e+05
-9.360000000000000000e+02 6.928000000000000000e+03 5.000080000000000000e+05
-9.320000000000000000e+02 6.693000000000000000e+03 5.000080000000000000e+05
-9.280000000000000000e+02 6.847000000000000000e+03 5.000080000000000000e+05
-9.240000000000000000e+02 6.755000000000000000e+03 5.000120000000000000e+05
-9.200000000000000000e+02 6.696000000000000000e+03 5.000080000000000000e+05
-9.160000000000000000e+02 6.494000000000000000e+03 5.000120000000000000e+05
-9.120000000000000000e+02 6.830000000000000000e+03 5.000160000000000000e+05
-9.080000000000000000e+02 6.892000000000000000e+03 5.000120000000000000e+05
-9.040000000000000000e+02 6.839000000000000000e+03 5.000120000000000000e+05
-9.000000000000000000e+02 6.719000000000000000e+03 5.000120000000000000e+05
-8.960000000000000000e+02 6.836000000000000000e+03 5.000080000000000000e+05
-8.920000000000000000e+02 6.971000000000000000e+03 5.000080000000000000e+05
-8.880000000000000000e+02 6.959000000000000000e+03 5.000120000000000000e+05
-8.840000000000000000e+02 6.604000000000000000e+03 5.000120000000000000e+05
-8.800000000000000000e+02 6.414000000000000000e+03 5.000120000000000000e+05
-8.760000000000000000e+02 6.462000000000000000e+03 5.000080000000000000e+05
-8.720000000000000000e+02 6.530000000000000000e+03 5.000080000000000000e+05
-8.680000000000000000e+02 6.662000000000000000e+03 5.000120000000000000e+05
-8.640000000000000000e+02 6.710000000000000000e+03 5.000120000000000000e+05
-8.600000000000000000e+02 6.421000000000000000e+03 5.000120000000000000e+05
-8.560000000000000000e+02 6.454000000000000000e+03 5.000120000000000000e+05
-8.520000000000000000e+02 6.178000000000000000e+03 5.000080000000000000e+05
-8.480000000000000000e+02 6.134000000000000000e+03 5.000080000000000000e+05
-8.440000000000000000e+02 6.206000000000000000e+03 5.000120000000000000e+05
-8.400000000000000000e+02 6.048000000000000000e+03 5.000080000000000000e+05
-8.360000000000000000e+02 6.125000000000000000e+03 5.000120000000000000e+05
-8.320000000000000000e+02 5.989000000000000000e+03 5.000120000000000000e+05
-8.280000000000000000e+02 6.021000000000000000e+03 5.000080000000000000e+05
-8.240000000000000000e+02 6.179000000000000000e+03 5.000120000000000000e+05
-8.200000000000000000e+02 6.015000000000000000e+03 5.000120000000000000e+05
-8.160000000000000000e+02 6.227000000000000000e+03 5.000080000000000000e+05
-8.120000000000000000e+02 6.259000000000000000e+03 5.000120000000000000e+05
-8.080000000000000000e+02 6.188000000000000000e+03 5.000080000000000000e+05
-8.040000000000000000e+02 6.087000000000000000e+03 5.000080000000000000e+05
-8.000000000000000000e+02 6.314000000000000000e+03 5.000080000000000000e+05
-7.960000000000000000e+02 6.530000000000000000e+03 5.000080000000000000e+05
-7.920000000000000000e+02 6.912000000000000000e+03 5.000080000000000000e+05
-7.880000000000000000e+02 8.365000000000000000e+03 5.000120000000000000e+05
-7.840000000000000000e+02 7.987000000000000000e+03 5.000080000000000000e+05
-7.800000000000000000e+02 7.865000000000000000e+03 5.000120000000000000e+05
-7.760000000000000000e+02 8.253000000000000000e+03 5.000120000000000000e+05
-7.720000000000000000e+02 8.672000000000000000e+03 5.000160000000000000e+05
-7.680000000000000000e+02 9.364000000000000000e+03 5.000120000000000000e+05
-7.640000000000000000e+02 1.010300000000000000e+04 5.000120000000000000e+05
-7.600000000000000000e+02 9.832000000000000000e+03 5.000120000000000000e+05
-7.560000000000000000e+02 1.003800000000000000e+04 5.000080000000000000e+05
-7.520000000000000000e+02 9.772000000000000000e+03 5.000120000000000000e+05
-7.480000000000000000e+02 9.182000000000000000e+03 5.000080000000000000e+05
-7.440000000000000000e+02 9.830000000000000000e+03 5.000120000000000000e+05
-7.400000000000000000e+02 9.255000000000000000e+03 5.000080000000000000e+05
-7.360000000000000000e+02 9.434000000000000000e+03 5.000080000000000000e+05
-7.320000000000000000e+02 8.763000000000000000e+03 5.000120000000000000e+05
-7.280000000000000000e+02 9.418000000000000000e+03 5.000080000000000000e+05
-7.240000000000000000e+02 9.146000000000000000e+03 5.000120000000000000e+05
-7.200000000000000000e+02 8.588000000000000000e+03 5.000080000000000000e+05
-7.160000000000000000e+02 7.772000000000000000e+03 5.000080000000000000e+05
-7.120000000000000000e+02 7.695000000000000000e+03 5.000080000000000000e+05
-7.080000000000000000e+02 7.849000000000000000e+03 5.000120000000000000e+05
-7.040000000000000000e+02 7.607000000000000000e+03 5.000080000000000000e+05
-7.000000000000000000e+02 7.211000000000000000e+03 5.000080000000000000e+05
-6.960000000000000000e+02 7.230000000000000000e+03 5.000160000000000000e+05
-6.920000000000000000e+02 7.108000000000000000e+03 5.000120000000000000e+05
-6.880000000000000000e+02 7.142000000000000000e+03 5.000080000000000000e+05
-6.840000000000000000e+02 6.842000000000000000e+03 5.000120000000000000e+05
-6.800000000000000000e+02 6.968000000000000000e+03 5.000120000000000000e+05
-6.760000000000000000e+02 6.691000000000000000e+03 5.000120000000000000e+05
-6.720000000000000000e+02 6.678000000000000000e+03 5.000080000000000000e+05
-6.680000000000000000e+02 6.515000000000000000e+03 5.000080000000000000e+05
-6.640000000000000000e+02 6.544000000000000000e+03 5.000080000000000000e+05
-6.600000000000000000e+02 6.349000000000000000e+03 5.000120000000000000e+05
-6.560000000000000000e+02 6.372000000000000000e+03 5.000080000000000000e+05
-6.520000000000000000e+02 6.494000000000000000e+03 5.000080000000000000e+05
-6.480000000000000000e+02 6.376000000000000000e+03 5.000080000000000000e+05
-6.440000000000000000e+02 6.445000000000000000e+03 5.000080000000000000e+05
-6.400000000000000000e+02 6.550000000000000000e+03 5.000080000000000000e+05
-6.360000000000000000e+02 6.447000000000000000e+03 5.000080000000000000e+05
-6.320000000000000000e+02 6.401000000000000000e+03 5.000120000000000000e+05
-6.280000000000000000e+02 6.473000000000000000e+03 5.000080000000000000e+05
-6.240000000000000000e+02 6.376000000000000000e+03 5.000120000000000000e+05
-6.200000000000000000e+02 6.215000000000000000e+03 5.000080000000000000e+05
-6.160000000000000000e+02 6.163000000000000000e+03 5.000120000000000000e+05
-6.120000000000000000e+02 6.310000000000000000e+03 5.000080000000000000e+05
-6.080000000000000000e+02 6.204000000000000000e+03 5.000120000000000000e+05
-6.040000000000000000e+02 6.338000000000000000e+03 5.000080000000000000e+05
-6.000000000000000000e+02 6.329000000000000000e+03 5.000080000000000000e+05
-5.960000000000000000e+02 6.462000000000000000e+03 5.000120000000000000e+05
-5.920000000000000000e+02 6.771000000000000000e+03 5.000120000000000000e+05
-5.880000000000000000e+02 6.809000000000000000e+03 5.000120000000000000e+05
-5.840000000000000000e+02 6.769000000000000000e+03 5.000120000000000000e+05
-5.800000000000000000e+02 6.779000000000000000e+03 5.000120000000000000e+05
-5.760000000000000000e+02 6.913000000000000000e+03 5.000080000000000000e+05
-5.720000000000000000e+02 7.082000000000000000e+03 5.000120000000000000e+05
-5.680000000000000000e+02 6.894000000000000000e+03 5.000120000000000000e+05
-5.640000000000000000e+02 6.533000000000000000e+03 5.000120000000000000e+05
-5.600000000000000000e+02 6.434000000000000000e+03 5.000080000000000000e+05
-5.560000000000000000e+02 6.198000000000000000e+03 5.000120000000000000e+05
-5.520000000000000000e+02 5.879000000000000000e+03 5.000120000000000000e+05
-5.480000000000000000e+02 5.747000000000000000e+03 5.000120000000000000e+05
-5.440000000000000000e+02 5.709000000000000000e+03 5.000080000000000000e+05
-5.400000000000000000e+02 5.349000000000000000e+03 5.000120000000000000e+05
-5.360000000000000000e+02 5.407000000000000000e+03 5.000120000000000000e+05
-5.320000000000000000e+02 5.280000000000000000e+03 5.000080000000000000e+05
-5.280000000000000000e+02 5.311000000000000000e+03 5.000080000000000000e+05
-5.240000000000000000e+02 5.312000000000000000e+03 5.000080000000000000e+05
-5.200000000000000000e+02 5.385000000000000000e+03 5.000120000000000000e+05
-5.160000000000000000e+02 5.443000000000000000e+03 5.000120000000000000e+05
-5.120000000000000000e+02 5.434000000000000000e+03 5.000120000000000000e+05
-5.080000000000000000e+02 5.339000000000000000e+03 5.000080000000000000e+05
-5.040000000000000000e+02 5.322000000000000000e+03 5.000120000000000000e+05
-5.000000000000000000e+02 5.334000000000000000e+03 5.000120000000000000e+05
-4.960000000000000000e+02 5.290000000000000000e+03 5.000120000000000000e+05
-4.920000000000000000e+02 5.512000000000000000e+03 5.000080000000000000e+05
-4.880000000000000000e+02 5.562000000000000000e+03 5.000120000000000000e+05
-4.840000000000000000e+02 5.445000000000000000e+03 5.000080000000000000e+05
-4.800000000000000000e+02 5.573000000000000000e+03 5.000080000000000000e+05
-4.760000000000000000e+02 5.578000000000000000e+03 5.000080000000000000e+05
-4.720000000000000000e+02 5.655000000000000000e+03 5.000080000000000000e+05
-4.680000000000000000e+02 5.794000000000000000e+03 5.000080000000000000e+05
-4.640000000000000000e+02 5.787000000000000000e+03 5.000120000000000000e+05
-4.600000000000000000e+02 5.876000000000000000e+03 5.000120000000000000e+05
-4.560000000000000000e+02 5.740000000000000000e+03 5.000080000000000000e+05
-4.520000000000000000e+02 5.813000000000000000e+03 5.000080000000000000e+05
-4.480000000000000000e+02 6.005000000000000000e+03 5.000120000000000000e+05
-4.440000000000000000e+02 5.944000000000000000e+03 5.000080000000000000e+05
-4.400000000000000000e+02 5.894000000000000000e+03 5.000080000000000000e+05
-4.360000000000000000e+02 6.072000000000000000e+03 5.000120000000000000e+05
-4.320000000000000000e+02 6.027000000000000000e+03 5.000120000000000000e+05
-4.280000000000000000e+02 6.264000000000000000e+03 5.000120000000000000e+05
-4.240000000000000000e+02 6.287000000000000000e+03 5.000120000000000000e+05
-4.200000000000000000e+02 6.459000000000000000e+03 5.000160000000000000e+05
-4.160000000000000000e+02 6.590000000000000000e+03 5.000120000000000000e+05
-4.120000000000000000e+02 6.746000000000000000e+03 5.000080000000000000e+05
-4.080000000000000000e+02 6.921000000000000000e+03 5.000080000000000000e+05
-4.040000000000000000e+02 7.056000000000000000e+03 5.000080000000000000e+05
-4.000000000000000000e+02 6.962000000000000000e+03 5.000120000000000000e+05
-3.960000000000000000e+02 7.420000000000000000e+03 5.000080000000000000e+05
-3.920000000000000000e+02 7.530000000000000000e+03 5.000120000000000000e+05
-3.880000000000000000e+02 7.691000000000000000e+03 5.000120000000000000e+05
-3.840000000000000000e+02 7.430000000000000000e+03 5.000120000000000000e+05
-3.800000000000000000e+02 7.110000000000000000e+03 5.000080000000000000e+05
-3.760000000000000000e+02 7.320000000000000000e+03 5.000080000000000000e+05
-3.720000000000000000e+02 7.209000000000000000e+03 5.000080000000000000e+05
-3.680000000000000000e+02 7.384000000000000000e+03 5.000120000000000000e+05
-3.640000000000000000e+02 7.264000000000000000e+03 5.000080000000000000e+05
-3.600000000000000000e+02 7.343000000000000000e+03 5.000120000000000000e+05
-3.560000000000000000e+02 7.506000000000000000e+03 5.000080000000000000e+05
-3.520000000000000000e+02 7.592000000000000000e+03 5.000120000000000000e+05
-3.480000000000000000e+02 7.302000000000000000e+03 5.000080000000000000e+05
-3.440000000000000000e+02 7.235000000000000000e+03 5.000120000000000000e+05
-3.400000000000000000e+02 7.132000000000000000e+03 5.000080000000000000e+05
-3.360000000000000000e+02 6.893000000000000000e+03 5.000080000000000000e+05
-3.320000000000000000e+02 7.005000000000000000e+03 5.000080000000000000e+05
-3.280000000000000000e+02 7.034000000000000000e+03 5.000080000000000000e+05
-3.240000000000000000e+02 7.022000000000000000e+03 5.000120000000000000e+05
-3.200000000000000000e+02 6.941000000000000000e+03 5.000080000000000000e+05
-3.160000000000000000e+02 7.204000000000000000e+03 5.000080000000000000e+05
-3.120000000000000000e+02 7.060000000000000000e+03 5.000080000000000000e+05
-3.080000000000000000e+02 6.996000000000000000e+03 5.000120000000000000e+05
-3.040000000000000000e+02 7.763000000000000000e+03 5.000080000000000000e+05
-3.000000000000000000e+02 7.648000000000000000e+03 5.000120000000000000e+05
-2.960000000000000000e+02 7.605000000000000000e+03 5.000120000000000000e+05
-2.920000000000000000e+02 7.628000000000000000e+03 5.000120000000000000e+05
-2.880000000000000000e+02 7.602000000000000000e+03 5.000080000000000000e+05
-2.840000000000000000e+02 7.840000000000000000e+03 5.000120000000000000e+05
-2.800000000000000000e+02 8.268000000000000000e+03 5.000120000000000000e+05
-2.760000000000000000e+02 8.232000000000000000e+03 5.000120000000000000e+05
-2.720000000000000000e+02 8.331000000000000000e+03 5.000080000000000000e+05
-2.680000000000000000e+02 8.895000000000000000e+03 5.000080000000000000e+05
-2.640000000000000000e+02 9.563000000000000000e+03 5.000120000000000000e+05
-2.600000000000000000e+02 9.955000000000000000e+03 5.000080000000000000e+05
-2.560000000000000000e+02 9.982000000000000000e+03 5.000120000000000000e+05
-2.520000000000000000e+02 1.049300000000000000e+04 5.000080000000000000e+05
-2.480000000000000000e+02 1.107500000000000000e+04 5.000080000000000000e+05
-2.440000000000000000e+02 1.146600000000000000e+04 5.000120000000000000e+05
-2.400000000000000000e+02 1.114100000000000000e+04 5.000080000000000000e+05
-2.360000000000000000e+02 1.180100000000000000e+04 5.000120000000000000e+05
-2.320000000000000000e+02 1.226300000000000000e+04 5.000080000000000000e+05
-2.280000000000000000e+02 1.208000000000000000e+04 5.000120000000000000e+05
-2.240000000000000000e+02 1.271000000000000000e+04 5.000120000000000000e+05
-2.200000000000000000e+02 1.302700000000000000e+04 5.000080000000000000e+05
-2.160000000000000000e+02 1.319800000000000000e+04 5.000080000000000000e+05
-2.120000000000000000e+02 1.328000000000000000e+04 5.000120000000000000e+05
-2.080000000000000000e+02 1.339500000000000000e+04 5.000120000000000000e+05
-2.040000000000000000e+02 1.301500000000000000e+04 5.000080000000000000e+05
-2.000000000000000000e+02 1.301300000000000000e+04 5.000080000000000000e+05
-1.960000000000000000e+02 1.342500000000000000e+04 5.000080000000000000e+05
-1.920000000000000000e+02 1.327300000000000000e+04 5.000080000000000000e+05
-1.880000000000000000e+02 1.314300000000000000e+04 5.000120000000000000e+05
-1.840000000000000000e+02 1.298900000000000000e+04 5.000120000000000000e+05
-1.800000000000000000e+02 1.322900000000000000e+04 5.000120000000000000e+05
-1.760000000000000000e+02 1.322700000000000000e+04 5.000080000000000000e+05
-1.720000000000000000e+02 1.287900000000000000e+04 5.000120000000000000e+05
-1.680000000000000000e+02 1.282300000000000000e+04 5.000120000000000000e+05
-1.640000000000000000e+02 1.194400000000000000e+04 5.000120000000000000e+05
-1.600000000000000000e+02 1.187700000000000000e+04 5.000120000000000000e+05
-1.560000000000000000e+02 1.174600000000000000e+04 5.000080000000000000e+05
-1.520000000000000000e+02 1.192900000000000000e+04 5.000120000000000000e+05
-1.480000000000000000e+02 1.138700000000000000e+04 5.000120000000000000e+05
-1.440000000000000000e+02 1.121300000000000000e+04 5.000080000000000000e+05
-1.400000000000000000e+02 1.092300000000000000e+04 5.000080000000000000e+05
-1.360000000000000000e+02 1.140300000000000000e+04 5.000080000000000000e+05
-1.320000000000000000e+02 1.136200000000000000e+04 5.000120000000000000e+05
-1.280000000000000000e+02 1.228700000000000000e+04 5.000080000000000000e+05
-1.240000000000000000e+02 1.271700000000000000e+04 5.000120000000000000e+05
-1.200000000000000000e+02 1.265200000000000000e+04 5.000120000000000000e+05
-1.160000000000000000e+02 1.285200000000000000e+04 5.000120000000000000e+05
-1.120000000000000000e+02 1.313000000000000000e+04 5.000120000000000000e+05
-1.080000000000000000e+02 1.462500000000000000e+04 5.000120000000000000e+05
-1.040000000000000000e+02 1.549300000000000000e+04 5.000080000000000000e+05
-1.000000000000000000e+02 1.455600000000000000e+04 5.000120000000000000e+05
-9.600000000000000000e+01 1.576500000000000000e+04 5.000120000000000000e+05
-9.200000000000000000e+01 1.753800000000000000e+04 5.000080000000000000e+05
-8.800000000000000000e+01 1.740700000000000000e+04 5.000080000000000000e+05
-8.400000000000000000e+01 1.806500000000000000e+04 5.000120000000000000e+05
-8.000000000000000000e+01 2.428000000000000000e+04 5.000120000000000000e+05
-7.600000000000000000e+01 4.675300000000000000e+04 5.000080000000000000e+05
-7.200000000000000000e+01 1.649530000000000000e+05 5.000080000000000000e+05
-6.800000000000000000e+01 6.418930000000000000e+05 5.000120000000000000e+05
-6.400000000000000000e+01 5.613470000000000000e+05 5.000120000000000000e+05
-6.000000000000000000e+01 7.551090000000000000e+05 5.000120000000000000e+05
-5.600000000000000000e+01 1.096964000000000000e+06 5.000120000000000000e+05
-5.200000000000000000e+01 1.936193000000000000e+06 5.000080000000000000e+05
-4.800000000000000000e+01 3.543727000000000000e+06 5.000080000000000000e+05
-4.400000000000000000e+01 4.730080000000000000e+06 5.000120000000000000e+05
-4.000000000000000000e+01 4.747003000000000000e+06 5.000080000000000000e+05
-3.600000000000000000e+01 3.827997000000000000e+06 5.000120000000000000e+05
-3.200000000000000000e+01 3.474279000000000000e+06 5.000080000000000000e+05
-2.800000000000000000e+01 2.061450000000000000e+06 5.000120000000000000e+05
-2.400000000000000000e+01 8.880100000000000000e+05 5.000120000000000000e+05
-2.000000000000000000e+01 4.438880000000000000e+05 5.000080000000000000e+05
-1.600000000000000000e+01 2.272560000000000000e+05 5.000120000000000000e+05
-1.200000000000000000e+01 9.490600000000000000e+04 5.000120000000000000e+05
-8.000000000000000000e+00 7.794800000000000000e+04 5.000080000000000000e+05
-4.000000000000000000e+00 5.967000000000000000e+04 5.000120000000000000e+05
0.000000000000000000e+00 5.719000000000000000e+04 5.000120000000000000e+05
4.000000000000000000e+00 4.825400000000000000e+04 5.000120000000000000e+05
8.000000000000000000e+00 4.448600000000000000e+04 5.000080000000000000e+05
1.200000000000000000e+01 4.238700000000000000e+04 5.000120000000000000e+05
1.600000000000000000e+01 4.014600000000000000e+04 5.000120000000000000e+05
2.000000000000000000e+01 4.230900000000000000e+04 5.000080000000000000e+05
2.400000000000000000e+01 4.641600000000000000e+04 5.000120000000000000e+05
2.800000000000000000e+01 7.649500000000000000e+04 5.000080000000000000e+05
3.200000000000000000e+01 8.283800000000000000e+04 5.000080000000000000e+05
3.600000000000000000e+01 6.330900000000000000e+04 5.000120000000000000e+05
4.000000000000000000e+01 5.098700000000000000e+04 5.000080000000000000e+05
4.400000000000000000e+01 3.779500000000000000e+04 5.000080000000000000e+05
