3.730310000000000000e+05 2.455000000000000000e+03
3.731310000000000000e+05 2.421000000000000000e+03
3.732310000000000000e+05 2.461000000000000000e+03
3.733310000000000000e+05 2.434000000000000000e+03
3.734310000000000000e+05 2.339000000000000000e+03
3.735310000000000000e+05 2.443000000000000000e+03
3.736310000000000000e+05 2.483000000000000000e+03
3.737310000000000000e+05 2.446000000000000000e+03
3.738310000000000000e+05 2.432000000000000000e+03
3.739310000000000000e+05 2.508000000000000000e+03
3.740310000000000000e+05 2.390000000000000000e+03
3.741310000000000000e+05 2.474000000000000000e+03
3.742310000000000000e+05 2.472000000000000000e+03
3.743310000000000000e+05 2.510000000000000000e+03
3.744310000000000000e+05 2.545000000000000000e+03
3.745310000000000000e+05 2.602000000000000000e+03
3.746310000000000000e+05 2.951000000000000000e+03
3.747310000000000000e+05 1.353200000000000000e+04
3.748310000000000000e+05 4.303100000000000000e+04
3.749310000000000000e+05 4.107300000000000000e+04
3.750310000000000000e+05 8.102500000000000000e+04
3.751310000000000000e+05 3.782600000000000000e+04
3.752310000000000000e+05 1.961800000000000000e+04
3.753310000000000000e+05 2.001000000000000000e+04
3.754310000000000000e+05 3.622900000000000000e+04
3.755310000000000000e+05 6.575000000000000000e+03
3.756310000000000000e+05 2.675000000000000000e+03
3.757310000000000000e+05 2.475000000000000000e+03
3.758310000000000000e+05 2.485000000000000000e+03
3.759310000000000000e+05 2.364000000000000000e+03
