3.797810000000000000e+05 8.180000000000000000e+02
3.798810000000000000e+05 9.020000000000000000e+02
3.799810000000000000e+05 8.290000000000000000e+02
3.800810000000000000e+05 9.040000000000000000e+02
3.801810000000000000e+05 7.820000000000000000e+02
3.802810000000000000e+05 8.430000000000000000e+02
3.803810000000000000e+05 9.120000000000000000e+02
3.804810000000000000e+05 8.390000000000000000e+02
3.805810000000000000e+05 8.240000000000000000e+02
3.806810000000000000e+05 8.940000000000000000e+02
3.807810000000000000e+05 8.640000000000000000e+02
3.808810000000000000e+05 8.410000000000000000e+02
3.809810000000000000e+05 8.550000000000000000e+02
3.810810000000000000e+05 8.900000000000000000e+02
3.811810000000000000e+05 7.780000000000000000e+02
3.812810000000000000e+05 8.790000000000000000e+02
3.813810000000000000e+05 9.060000000000000000e+02
3.814810000000000000e+05 8.980000000000000000e+02
3.815810000000000000e+05 7.890000000000000000e+02
3.816810000000000000e+05 8.490000000000000000e+02
3.817810000000000000e+05 8.700000000000000000e+02
3.818810000000000000e+05 8.120000000000000000e+02
3.819810000000000000e+05 9.260000000000000000e+02
3.820810000000000000e+05 9.470000000000000000e+02
3.821810000000000000e+05 8.440000000000000000e+02
3.822810000000000000e+05 8.830000000000000000e+02
3.823810000000000000e+05 8.630000000000000000e+02
3.824810000000000000e+05 8.340000000000000000e+02
3.825810000000000000e+05 8.490000000000000000e+02
3.826810000000000000e+05 8.820000000000000000e+02
3.827810000000000000e+05 7.940000000000000000e+02
3.828810000000000000e+05 8.400000000000000000e+02
3.829810000000000000e+05 8.470000000000000000e+02
3.830810000000000000e+05 9.100000000000000000e+02
3.831810000000000000e+05 8.590000000000000000e+02
3.832810000000000000e+05 8.620000000000000000e+02
3.833810000000000000e+05 7.750000000000000000e+02
3.834810000000000000e+05 8.420000000000000000e+02
3.835810000000000000e+05 8.940000000000000000e+02
3.836810000000000000e+05 8.850000000000000000e+02
3.837810000000000000e+05 8.720000000000000000e+02
3.838810000000000000e+05 8.520000000000000000e+02
3.839810000000000000e+05 9.200000000000000000e+02
3.840810000000000000e+05 8.590000000000000000e+02
3.841810000000000000e+05 8.420000000000000000e+02
3.842810000000000000e+05 9.120000000000000000e+02
3.843810000000000000e+05 9.620000000000000000e+02
3.844810000000000000e+05 9.100000000000000000e+02
3.845810000000000000e+05 8.540000000000000000e+02
3.846810000000000000e+05 8.940000000000000000e+02
3.847810000000000000e+05 8.350000000000000000e+02
3.848810000000000000e+05 8.200000000000000000e+02
3.849810000000000000e+05 8.040000000000000000e+02
3.850810000000000000e+05 8.670000000000000000e+02
3.851810000000000000e+05 8.860000000000000000e+02
3.852810000000000000e+05 9.220000000000000000e+02
3.853810000000000000e+05 9.180000000000000000e+02
3.854810000000000000e+05 8.780000000000000000e+02
3.855810000000000000e+05 8.070000000000000000e+02
3.856810000000000000e+05 8.630000000000000000e+02
3.857810000000000000e+05 9.050000000000000000e+02
3.858810000000000000e+05 7.930000000000000000e+02
3.859810000000000000e+05 8.970000000000000000e+02
3.860810000000000000e+05 7.950000000000000000e+02
3.861810000000000000e+05 8.210000000000000000e+02
3.862810000000000000e+05 9.490000000000000000e+02
3.863810000000000000e+05 8.490000000000000000e+02
3.864810000000000000e+05 7.820000000000000000e+02
3.865810000000000000e+05 8.400000000000000000e+02
3.866810000000000000e+05 8.750000000000000000e+02
3.867810000000000000e+05 8.780000000000000000e+02
3.868810000000000000e+05 8.350000000000000000e+02
3.869810000000000000e+05 8.210000000000000000e+02
3.870810000000000000e+05 9.160000000000000000e+02
3.871810000000000000e+05 8.600000000000000000e+02
3.872810000000000000e+05 8.050000000000000000e+02
3.873810000000000000e+05 8.970000000000000000e+02
3.874810000000000000e+05 9.050000000000000000e+02
3.875810000000000000e+05 8.590000000000000000e+02
3.876810000000000000e+05 9.190000000000000000e+02
3.877810000000000000e+05 9.630000000000000000e+02
3.878810000000000000e+05 8.410000000000000000e+02
3.879810000000000000e+05 9.050000000000000000e+02
3.880810000000000000e+05 8.130000000000000000e+02
3.881810000000000000e+05 8.700000000000000000e+02
3.882810000000000000e+05 8.730000000000000000e+02
3.883810000000000000e+05 8.940000000000000000e+02
3.884810000000000000e+05 8.710000000000000000e+02
3.885810000000000000e+05 8.590000000000000000e+02
3.886810000000000000e+05 8.580000000000000000e+02
3.887810000000000000e+05 9.120000000000000000e+02
3.888810000000000000e+05 8.680000000000000000e+02
3.889810000000000000e+05 8.320000000000000000e+02
3.890810000000000000e+05 9.230000000000000000e+02
3.891810000000000000e+05 7.880000000000000000e+02
3.892810000000000000e+05 8.550000000000000000e+02
3.893810000000000000e+05 9.220000000000000000e+02
3.894810000000000000e+05 8.400000000000000000e+02
3.895810000000000000e+05 9.130000000000000000e+02
3.896810000000000000e+05 9.320000000000000000e+02
