0.000000000000000000e+00 5.827521000000000000e+06 5.000080000000000000e+05
5.000000000000000000e+00 4.592386000000000000e+06 5.000120000000000000e+05
1.000000000000000000e+01 3.779328000000000000e+06 5.000080000000000000e+05
1.500000000000000000e+01 2.649017000000000000e+06 5.000080000000000000e+05
2.000000000000000000e+01 9.993520000000000000e+05 5.000120000000000000e+05
2.500000000000000000e+01 5.987360000000000000e+05 5.000120000000000000e+05
3.000000000000000000e+01 1.560490000000000000e+05 5.000160000000000000e+05
3.500000000000000000e+01 8.585100000000000000e+04 5.000120000000000000e+05
4.000000000000000000e+01 6.032900000000000000e+04 5.000080000000000000e+05
4.500000000000000000e+01 5.135900000000000000e+04 5.000080000000000000e+05
5.000000000000000000e+01 4.575500000000000000e+04 5.000120000000000000e+05
5.500000000000000000e+01 4.033600000000000000e+04 5.000080000000000000e+05
6.000000000000000000e+01 3.853200000000000000e+04 5.000080000000000000e+05
6.500000000000000000e+01 3.976800000000000000e+04 5.000080000000000000e+05
7.000000000000000000e+01 4.867400000000000000e+04 5.000080000000000000e+05
7.500000000000000000e+01 7.649000000000000000e+04 5.000080000000000000e+05
8.000000000000000000e+01 6.481600000000000000e+04 5.000080000000000000e+05
8.500000000000000000e+01 4.605000000000000000e+04 5.000080000000000000e+05
9.000000000000000000e+01 3.366500000000000000e+04 5.000080000000000000e+05
9.500000000000000000e+01 3.253300000000000000e+04 5.000120000000000000e+05
1.000000000000000000e+02 3.322200000000000000e+04 5.000080000000000000e+05
1.050000000000000000e+02 4.427300000000000000e+04 5.000080000000000000e+05
1.100000000000000000e+02 6.165500000000000000e+04 5.000120000000000000e+05
1.150000000000000000e+02 5.774700000000000000e+04 5.000080000000000000e+05
1.200000000000000000e+02 4.337900000000000000e+04 5.000120000000000000e+05
1.250000000000000000e+02 2.978600000000000000e+04 5.000080000000000000e+05
1.300000000000000000e+02 2.066600000000000000e+04 5.000080000000000000e+05
1.350000000000000000e+02 1.626200000000000000e+04 5.000080000000000000e+05
1.400000000000000000e+02 1.234700000000000000e+04 5.000120000000000000e+05
1.450000000000000000e+02 1.067600000000000000e+04 5.000120000000000000e+05
1.500000000000000000e+02 9.978000000000000000e+03 5.000120000000000000e+05
1.550000000000000000e+02 9.220000000000000000e+03 5.000080000000000000e+05
1.600000000000000000e+02 9.241000000000000000e+03 5.000120000000000000e+05
1.650000000000000000e+02 9.009000000000000000e+03 5.000120000000000000e+05
1.700000000000000000e+02 8.836000000000000000e+03 5.000120000000000000e+05
1.750000000000000000e+02 8.738000000000000000e+03 5.000120000000000000e+05
1.800000000000000000e+02 8.935000000000000000e+03 5.000120000000000000e+05
1.850000000000000000e+02 8.673000000000000000e+03 5.000080000000000000e+05
1.900000000000000000e+02 8.773000000000000000e+03 5.000120000000000000e+05
1.950000000000000000e+02 9.021000000000000000e+03 5.000080000000000000e+05
2.000000000000000000e+02 8.629000000000000000e+03 5.000120000000000000e+05
2.050000000000000000e+02 8.486000000000000000e+03 5.000080000000000000e+05
2.100000000000000000e+02 8.325000000000000000e+03 5.000120000000000000e+05
2.150000000000000000e+02 8.645000000000000000e+03 5.000080000000000000e+05
2.200000000000000000e+02 8.662000000000000000e+03 5.000120000000000000e+05
2.250000000000000000e+02 8.889000000000000000e+03 5.000080000000000000e+05
2.300000000000000000e+02 8.906000000000000000e+03 5.000080000000000000e+05
2.350000000000000000e+02 9.615000000000000000e+03 5.000080000000000000e+05
2.400000000000000000e+02 1.110900000000000000e+04 5.000120000000000000e+05
2.450000000000000000e+02 1.217200000000000000e+04 5.000080000000000000e+05
2.500000000000000000e+02 1.472900000000000000e+04 5.000080000000000000e+05
2.550000000000000000e+02 1.701100000000000000e+04 5.000120000000000000e+05
2.600000000000000000e+02 2.109600000000000000e+04 5.000080000000000000e+05
2.650000000000000000e+02 2.028500000000000000e+04 5.000080000000000000e+05
2.700000000000000000e+02 2.159000000000000000e+04 5.000120000000000000e+05
2.750000000000000000e+02 2.602400000000000000e+04 5.000080000000000000e+05
2.800000000000000000e+02 3.226100000000000000e+04 5.000080000000000000e+05
2.850000000000000000e+02 3.641300000000000000e+04 5.000080000000000000e+05
2.900000000000000000e+02 2.287100000000000000e+04 5.000080000000000000e+05
2.950000000000000000e+02 1.647400000000000000e+04 5.000080000000000000e+05
3.000000000000000000e+02 1.241600000000000000e+04 5.000120000000000000e+05
3.050000000000000000e+02 9.818000000000000000e+03 5.000120000000000000e+05
3.100000000000000000e+02 9.625000000000000000e+03 5.000080000000000000e+05
3.150000000000000000e+02 8.935000000000000000e+03 5.000080000000000000e+05
3.200000000000000000e+02 8.727000000000000000e+03 5.000120000000000000e+05
3.250000000000000000e+02 8.253000000000000000e+03 5.000080000000000000e+05
3.300000000000000000e+02 8.226000000000000000e+03 5.000080000000000000e+05
3.350000000000000000e+02 8.305000000000000000e+03 5.000080000000000000e+05
3.400000000000000000e+02 8.151000000000000000e+03 5.000120000000000000e+05
3.450000000000000000e+02 8.480000000000000000e+03 5.000080000000000000e+05
3.500000000000000000e+02 8.151000000000000000e+03 5.000120000000000000e+05
3.550000000000000000e+02 8.112000000000000000e+03 5.000120000000000000e+05
3.600000000000000000e+02 8.089000000000000000e+03 5.000080000000000000e+05
3.650000000000000000e+02 7.769000000000000000e+03 5.000120000000000000e+05
3.700000000000000000e+02 8.221000000000000000e+03 5.000080000000000000e+05
3.750000000000000000e+02 8.740000000000000000e+03 5.000120000000000000e+05
3.800000000000000000e+02 8.219000000000000000e+03 5.000120000000000000e+05
3.850000000000000000e+02 8.863000000000000000e+03 5.000080000000000000e+05
3.900000000000000000e+02 8.658000000000000000e+03 5.000080000000000000e+05
3.950000000000000000e+02 8.385000000000000000e+03 5.000120000000000000e+05
4.000000000000000000e+02 8.722000000000000000e+03 5.000080000000000000e+05
4.050000000000000000e+02 8.911000000000000000e+03 5.000080000000000000e+05
4.100000000000000000e+02 8.559000000000000000e+03 5.000080000000000000e+05
4.150000000000000000e+02 8.945000000000000000e+03 5.000080000000000000e+05
4.200000000000000000e+02 8.944000000000000000e+03 5.000120000000000000e+05
4.250000000000000000e+02 8.997000000000000000e+03 5.000080000000000000e+05
4.300000000000000000e+02 8.733000000000000000e+03 5.000080000000000000e+05
4.350000000000000000e+02 8.841000000000000000e+03 5.000080000000000000e+05
4.400000000000000000e+02 9.471000000000000000e+03 5.000080000000000000e+05
4.450000000000000000e+02 9.401000000000000000e+03 5.000080000000000000e+05
4.500000000000000000e+02 9.055000000000000000e+03 5.000080000000000000e+05
4.550000000000000000e+02 9.760000000000000000e+03 5.000080000000000000e+05
4.600000000000000000e+02 9.796000000000000000e+03 5.000160000000000000e+05
4.650000000000000000e+02 9.430000000000000000e+03 5.000080000000000000e+05
4.700000000000000000e+02 9.512000000000000000e+03 5.000120000000000000e+05
4.750000000000000000e+02 9.961000000000000000e+03 5.000120000000000000e+05
4.800000000000000000e+02 9.954000000000000000e+03 5.000080000000000000e+05
4.850000000000000000e+02 9.714000000000000000e+03 5.000120000000000000e+05
4.900000000000000000e+02 1.008200000000000000e+04 5.000080000000000000e+05
4.950000000000000000e+02 1.006200000000000000e+04 5.000120000000000000e+05
