3.741310000000000000e+05 5.930000000000000000e+03
3.741810000000000000e+05 5.969000000000000000e+03
3.742310000000000000e+05 5.865000000000000000e+03
3.742810000000000000e+05 6.404000000000000000e+03
3.743310000000000000e+05 6.808000000000000000e+03
3.743810000000000000e+05 9.463000000000000000e+03
3.744310000000000000e+05 9.244000000000000000e+03
3.744810000000000000e+05 7.595000000000000000e+03
3.745310000000000000e+05 6.414000000000000000e+03
3.745810000000000000e+05 6.541000000000000000e+03
3.746310000000000000e+05 6.257000000000000000e+03
3.746810000000000000e+05 6.459000000000000000e+03
3.747310000000000000e+05 6.556000000000000000e+03
3.747810000000000000e+05 6.732000000000000000e+03
3.748310000000000000e+05 6.702000000000000000e+03
3.748810000000000000e+05 6.380000000000000000e+03
3.749310000000000000e+05 6.449000000000000000e+03
3.749810000000000000e+05 6.447000000000000000e+03
3.750310000000000000e+05 6.617000000000000000e+03
3.750810000000000000e+05 6.457000000000000000e+03
3.751310000000000000e+05 6.312000000000000000e+03
3.751810000000000000e+05 6.491000000000000000e+03
3.752310000000000000e+05 6.586000000000000000e+03
3.752810000000000000e+05 6.263000000000000000e+03
3.753310000000000000e+05 6.408000000000000000e+03
3.753810000000000000e+05 6.432000000000000000e+03
3.754310000000000000e+05 6.466000000000000000e+03
3.754810000000000000e+05 6.345000000000000000e+03
3.755310000000000000e+05 6.266000000000000000e+03
3.755810000000000000e+05 6.341000000000000000e+03
3.756310000000000000e+05 6.509000000000000000e+03
3.756810000000000000e+05 6.388000000000000000e+03
3.757310000000000000e+05 6.461000000000000000e+03
3.757810000000000000e+05 6.413000000000000000e+03
3.758310000000000000e+05 6.371000000000000000e+03
3.758810000000000000e+05 6.462000000000000000e+03
3.759310000000000000e+05 6.311000000000000000e+03
3.759810000000000000e+05 6.322000000000000000e+03
3.760310000000000000e+05 6.257000000000000000e+03
3.760810000000000000e+05 6.399000000000000000e+03
