3.779810000000000000e+05 5.165000000000000000e+03
3.780810000000000000e+05 4.083000000000000000e+03
3.781810000000000000e+05 4.049000000000000000e+03
3.782810000000000000e+05 4.028000000000000000e+03
3.783810000000000000e+05 4.278000000000000000e+03
3.784810000000000000e+05 4.245000000000000000e+03
3.785810000000000000e+05 4.779000000000000000e+03
3.786810000000000000e+05 5.848000000000000000e+03
3.787810000000000000e+05 1.160300000000000000e+04
3.788810000000000000e+05 4.264300000000000000e+04
3.789810000000000000e+05 4.079200000000000000e+04
3.790810000000000000e+05 1.275300000000000000e+04
3.791810000000000000e+05 7.944000000000000000e+03
3.792810000000000000e+05 5.688000000000000000e+03
3.793810000000000000e+05 4.651000000000000000e+03
3.794810000000000000e+05 4.535000000000000000e+03
3.795810000000000000e+05 4.063000000000000000e+03
3.796810000000000000e+05 4.012000000000000000e+03
3.797810000000000000e+05 4.156000000000000000e+03
3.798810000000000000e+05 4.086000000000000000e+03
