3.705460000000000000e+05 5.041000000000000000e+03
3.705660000000000000e+05 4.719000000000000000e+03
3.705860000000000000e+05 4.873000000000000000e+03
3.706060000000000000e+05 4.803000000000000000e+03
3.706260000000000000e+05 4.993000000000000000e+03
3.706460000000000000e+05 4.751000000000000000e+03
3.706660000000000000e+05 4.821000000000000000e+03
3.706860000000000000e+05 4.947000000000000000e+03
3.707060000000000000e+05 4.768000000000000000e+03
3.707260000000000000e+05 4.585000000000000000e+03
3.707460000000000000e+05 4.803000000000000000e+03
3.707660000000000000e+05 4.679000000000000000e+03
3.707860000000000000e+05 4.846000000000000000e+03
3.708060000000000000e+05 4.955000000000000000e+03
3.708260000000000000e+05 4.864000000000000000e+03
3.708460000000000000e+05 2.847000000000000000e+03
3.708660000000000000e+05 2.913000000000000000e+03
3.708860000000000000e+05 3.212000000000000000e+03
3.709060000000000000e+05 3.043000000000000000e+03
3.709260000000000000e+05 2.940000000000000000e+03
3.709460000000000000e+05 3.165000000000000000e+03
3.709660000000000000e+05 2.995000000000000000e+03
3.709860000000000000e+05 2.978000000000000000e+03
3.710060000000000000e+05 3.033000000000000000e+03
3.710260000000000000e+05 3.147000000000000000e+03
3.710460000000000000e+05 3.206000000000000000e+03
3.710660000000000000e+05 3.113000000000000000e+03
3.710860000000000000e+05 3.087000000000000000e+03
3.711060000000000000e+05 3.081000000000000000e+03
3.711260000000000000e+05 3.034000000000000000e+03
3.711460000000000000e+05 3.289000000000000000e+03
3.711660000000000000e+05 3.224000000000000000e+03
3.711860000000000000e+05 3.219000000000000000e+03
3.712060000000000000e+05 3.113000000000000000e+03
3.712260000000000000e+05 3.093000000000000000e+03
3.712460000000000000e+05 3.230000000000000000e+03
3.712660000000000000e+05 3.341000000000000000e+03
3.712860000000000000e+05 3.205000000000000000e+03
3.713060000000000000e+05 3.376000000000000000e+03
3.713260000000000000e+05 3.214000000000000000e+03
3.713460000000000000e+05 3.420000000000000000e+03
3.713660000000000000e+05 3.529000000000000000e+03
3.713860000000000000e+05 4.165000000000000000e+03
3.714060000000000000e+05 4.928000000000000000e+03
3.714260000000000000e+05 5.536000000000000000e+03
3.714460000000000000e+05 6.559000000000000000e+03
3.714660000000000000e+05 7.154000000000000000e+03
3.714860000000000000e+05 8.413000000000000000e+03
3.715060000000000000e+05 1.300800000000000000e+04
3.715260000000000000e+05 2.014300000000000000e+04
3.715460000000000000e+05 2.245200000000000000e+04
3.715660000000000000e+05 2.691600000000000000e+04
3.715860000000000000e+05 3.115100000000000000e+04
3.716060000000000000e+05 3.201100000000000000e+04
3.716260000000000000e+05 3.120600000000000000e+04
3.716460000000000000e+05 2.859300000000000000e+04
3.716660000000000000e+05 2.786700000000000000e+04
3.716860000000000000e+05 2.901900000000000000e+04
3.717060000000000000e+05 3.156900000000000000e+04
3.717260000000000000e+05 3.449000000000000000e+04
3.717460000000000000e+05 3.624900000000000000e+04
3.717660000000000000e+05 3.785400000000000000e+04
3.717860000000000000e+05 3.650100000000000000e+04
3.718060000000000000e+05 3.440800000000000000e+04
3.718260000000000000e+05 3.083300000000000000e+04
3.718460000000000000e+05 2.724200000000000000e+04
3.718660000000000000e+05 2.467000000000000000e+04
3.718860000000000000e+05 2.313000000000000000e+04
3.719060000000000000e+05 2.248900000000000000e+04
3.719260000000000000e+05 2.224000000000000000e+04
3.719460000000000000e+05 2.195300000000000000e+04
3.719660000000000000e+05 2.209300000000000000e+04
3.719860000000000000e+05 2.224700000000000000e+04
3.720060000000000000e+05 2.263800000000000000e+04
3.720260000000000000e+05 2.320600000000000000e+04
3.720460000000000000e+05 2.327700000000000000e+04
3.720660000000000000e+05 2.248200000000000000e+04
3.720860000000000000e+05 2.173400000000000000e+04
3.721060000000000000e+05 2.093900000000000000e+04
3.721260000000000000e+05 1.881100000000000000e+04
3.721460000000000000e+05 1.356600000000000000e+04
3.721660000000000000e+05 7.591000000000000000e+03
3.721860000000000000e+05 5.300000000000000000e+03
3.722060000000000000e+05 4.534000000000000000e+03
3.722260000000000000e+05 4.117000000000000000e+03
3.722460000000000000e+05 3.829000000000000000e+03
3.722660000000000000e+05 3.493000000000000000e+03
3.722860000000000000e+05 3.596000000000000000e+03
3.723060000000000000e+05 3.302000000000000000e+03
3.723260000000000000e+05 3.386000000000000000e+03
3.723460000000000000e+05 3.278000000000000000e+03
3.723660000000000000e+05 3.162000000000000000e+03
3.723860000000000000e+05 3.260000000000000000e+03
3.724060000000000000e+05 3.380000000000000000e+03
3.724260000000000000e+05 3.502000000000000000e+03
3.724460000000000000e+05 3.128000000000000000e+03
3.724660000000000000e+05 3.222000000000000000e+03
3.724860000000000000e+05 3.207000000000000000e+03
3.725060000000000000e+05 3.109000000000000000e+03
3.725260000000000000e+05 3.355000000000000000e+03
3.725460000000000000e+05 3.229000000000000000e+03
3.725660000000000000e+05 3.161000000000000000e+03
3.725860000000000000e+05 3.203000000000000000e+03
3.726060000000000000e+05 3.270000000000000000e+03
3.726260000000000000e+05 3.414000000000000000e+03
3.726460000000000000e+05 3.005000000000000000e+03
3.726660000000000000e+05 3.097000000000000000e+03
3.726860000000000000e+05 3.296000000000000000e+03
3.727060000000000000e+05 3.213000000000000000e+03
3.727260000000000000e+05 2.871000000000000000e+03
3.727460000000000000e+05 3.304000000000000000e+03
3.727660000000000000e+05 3.152000000000000000e+03
3.727860000000000000e+05 3.032000000000000000e+03
3.728060000000000000e+05 3.157000000000000000e+03
3.728260000000000000e+05 3.085000000000000000e+03
3.728460000000000000e+05 3.175000000000000000e+03
3.728660000000000000e+05 3.254000000000000000e+03
3.728860000000000000e+05 3.053000000000000000e+03
3.729060000000000000e+05 3.239000000000000000e+03
3.729260000000000000e+05 3.037000000000000000e+03
3.729460000000000000e+05 3.217000000000000000e+03
3.729660000000000000e+05 3.273000000000000000e+03
3.729860000000000000e+05 3.130000000000000000e+03
3.730060000000000000e+05 3.263000000000000000e+03
3.730260000000000000e+05 3.386000000000000000e+03
3.730460000000000000e+05 3.249000000000000000e+03
3.730660000000000000e+05 3.071000000000000000e+03
3.730860000000000000e+05 3.262000000000000000e+03
3.731060000000000000e+05 3.354000000000000000e+03
3.731260000000000000e+05 3.242000000000000000e+03
3.731460000000000000e+05 3.609000000000000000e+03
3.731660000000000000e+05 3.370000000000000000e+03
3.731860000000000000e+05 3.332000000000000000e+03
3.732060000000000000e+05 3.415000000000000000e+03
3.732260000000000000e+05 3.555000000000000000e+03
3.732460000000000000e+05 3.342000000000000000e+03
3.732660000000000000e+05 3.603000000000000000e+03
3.732860000000000000e+05 3.562000000000000000e+03
3.733060000000000000e+05 3.538000000000000000e+03
3.733260000000000000e+05 3.727000000000000000e+03
3.733460000000000000e+05 3.605000000000000000e+03
3.733660000000000000e+05 3.653000000000000000e+03
3.733860000000000000e+05 3.559000000000000000e+03
3.734060000000000000e+05 3.697000000000000000e+03
3.734260000000000000e+05 3.802000000000000000e+03
3.734460000000000000e+05 3.457000000000000000e+03
3.734660000000000000e+05 3.539000000000000000e+03
3.734860000000000000e+05 3.631000000000000000e+03
3.735060000000000000e+05 3.690000000000000000e+03
3.735260000000000000e+05 3.631000000000000000e+03
3.735460000000000000e+05 3.654000000000000000e+03
3.735660000000000000e+05 3.547000000000000000e+03
3.735860000000000000e+05 3.602000000000000000e+03
3.736060000000000000e+05 3.592000000000000000e+03
3.736260000000000000e+05 3.702000000000000000e+03
3.736460000000000000e+05 3.519000000000000000e+03
3.736660000000000000e+05 3.836000000000000000e+03
3.736860000000000000e+05 3.505000000000000000e+03
3.737060000000000000e+05 3.752000000000000000e+03
3.737260000000000000e+05 3.540000000000000000e+03
3.737460000000000000e+05 3.511000000000000000e+03
3.737660000000000000e+05 3.709000000000000000e+03
3.737860000000000000e+05 3.849000000000000000e+03
3.738060000000000000e+05 3.800000000000000000e+03
3.738260000000000000e+05 3.752000000000000000e+03
3.738460000000000000e+05 3.480000000000000000e+03
3.738660000000000000e+05 3.771000000000000000e+03
3.738860000000000000e+05 3.789000000000000000e+03
3.739060000000000000e+05 3.802000000000000000e+03
3.739260000000000000e+05 3.634000000000000000e+03
3.739460000000000000e+05 3.673000000000000000e+03
3.739660000000000000e+05 3.764000000000000000e+03
3.739860000000000000e+05 3.685000000000000000e+03
3.740060000000000000e+05 3.733000000000000000e+03
3.740260000000000000e+05 3.714000000000000000e+03
3.740460000000000000e+05 3.720000000000000000e+03
3.740660000000000000e+05 3.633000000000000000e+03
3.740860000000000000e+05 3.799000000000000000e+03
3.741060000000000000e+05 3.837000000000000000e+03
3.741260000000000000e+05 3.495000000000000000e+03
3.741460000000000000e+05 3.700000000000000000e+03
3.741660000000000000e+05 3.788000000000000000e+03
3.741860000000000000e+05 3.655000000000000000e+03
3.742060000000000000e+05 3.874000000000000000e+03
3.742260000000000000e+05 3.892000000000000000e+03
3.742460000000000000e+05 3.951000000000000000e+03
3.742660000000000000e+05 3.904000000000000000e+03
3.742860000000000000e+05 4.182000000000000000e+03
3.743060000000000000e+05 4.046000000000000000e+03
3.743260000000000000e+05 3.979000000000000000e+03
3.743460000000000000e+05 4.108000000000000000e+03
3.743660000000000000e+05 4.266000000000000000e+03
3.743860000000000000e+05 4.295000000000000000e+03
3.744060000000000000e+05 4.465000000000000000e+03
3.744260000000000000e+05 4.454000000000000000e+03
3.744460000000000000e+05 4.589000000000000000e+03
3.744660000000000000e+05 4.663000000000000000e+03
3.744860000000000000e+05 4.828000000000000000e+03
3.745060000000000000e+05 4.699000000000000000e+03
3.745260000000000000e+05 4.892000000000000000e+03
3.745460000000000000e+05 4.632000000000000000e+03
3.745660000000000000e+05 4.786000000000000000e+03
3.745860000000000000e+05 4.521000000000000000e+03
3.746060000000000000e+05 4.723000000000000000e+03
3.746260000000000000e+05 4.577000000000000000e+03
3.746460000000000000e+05 4.785000000000000000e+03
3.746660000000000000e+05 4.767000000000000000e+03
3.746860000000000000e+05 4.254000000000000000e+03
3.747060000000000000e+05 4.483000000000000000e+03
3.747260000000000000e+05 4.681000000000000000e+03
3.747460000000000000e+05 4.281000000000000000e+03
3.747660000000000000e+05 4.240000000000000000e+03
3.747860000000000000e+05 4.168000000000000000e+03
3.748060000000000000e+05 4.092000000000000000e+03
3.748260000000000000e+05 3.996000000000000000e+03
3.748460000000000000e+05 3.961000000000000000e+03
3.748660000000000000e+05 3.822000000000000000e+03
3.748860000000000000e+05 3.659000000000000000e+03
3.749060000000000000e+05 3.809000000000000000e+03
3.749260000000000000e+05 3.502000000000000000e+03
3.749460000000000000e+05 3.486000000000000000e+03
3.749660000000000000e+05 3.664000000000000000e+03
3.749860000000000000e+05 3.519000000000000000e+03
3.750060000000000000e+05 3.365000000000000000e+03
3.750260000000000000e+05 3.603000000000000000e+03
3.750460000000000000e+05 3.501000000000000000e+03
3.750660000000000000e+05 3.419000000000000000e+03
3.750860000000000000e+05 3.425000000000000000e+03
3.751060000000000000e+05 3.233000000000000000e+03
3.751260000000000000e+05 3.575000000000000000e+03
3.751460000000000000e+05 3.288000000000000000e+03
3.751660000000000000e+05 3.335000000000000000e+03
3.751860000000000000e+05 3.181000000000000000e+03
3.752060000000000000e+05 3.222000000000000000e+03
3.752260000000000000e+05 3.320000000000000000e+03
3.752460000000000000e+05 3.063000000000000000e+03
3.752660000000000000e+05 3.104000000000000000e+03
3.752860000000000000e+05 3.333000000000000000e+03
3.753060000000000000e+05 3.250000000000000000e+03
3.753260000000000000e+05 3.386000000000000000e+03
3.753460000000000000e+05 3.217000000000000000e+03
3.753660000000000000e+05 3.251000000000000000e+03
3.753860000000000000e+05 3.174000000000000000e+03
3.754060000000000000e+05 3.280000000000000000e+03
3.754260000000000000e+05 3.422000000000000000e+03
3.754460000000000000e+05 3.057000000000000000e+03
3.754660000000000000e+05 3.209000000000000000e+03
3.754860000000000000e+05 3.181000000000000000e+03
3.755060000000000000e+05 3.189000000000000000e+03
3.755260000000000000e+05 3.253000000000000000e+03
3.755460000000000000e+05 3.276000000000000000e+03
3.755660000000000000e+05 3.000000000000000000e+03
3.755860000000000000e+05 3.182000000000000000e+03
3.756060000000000000e+05 3.400000000000000000e+03
3.756260000000000000e+05 3.137000000000000000e+03
3.756460000000000000e+05 3.172000000000000000e+03
3.756660000000000000e+05 3.236000000000000000e+03
3.756860000000000000e+05 3.157000000000000000e+03
3.757060000000000000e+05 2.992000000000000000e+03
3.757260000000000000e+05 3.107000000000000000e+03
3.757460000000000000e+05 3.199000000000000000e+03
3.757660000000000000e+05 3.189000000000000000e+03
3.757860000000000000e+05 3.015000000000000000e+03
3.758060000000000000e+05 3.037000000000000000e+03
3.758260000000000000e+05 3.139000000000000000e+03
3.758460000000000000e+05 3.204000000000000000e+03
3.758660000000000000e+05 3.357000000000000000e+03
3.758860000000000000e+05 3.120000000000000000e+03
3.759060000000000000e+05 3.427000000000000000e+03
3.759260000000000000e+05 3.063000000000000000e+03
3.759460000000000000e+05 3.323000000000000000e+03
3.759660000000000000e+05 3.186000000000000000e+03
3.759860000000000000e+05 3.160000000000000000e+03
3.760060000000000000e+05 3.110000000000000000e+03
3.760260000000000000e+05 3.412000000000000000e+03
3.760460000000000000e+05 3.201000000000000000e+03
3.760660000000000000e+05 3.111000000000000000e+03
3.760860000000000000e+05 3.056000000000000000e+03
3.761060000000000000e+05 2.985000000000000000e+03
3.761260000000000000e+05 3.012000000000000000e+03
3.761460000000000000e+05 3.101000000000000000e+03
3.761660000000000000e+05 3.166000000000000000e+03
3.761860000000000000e+05 3.060000000000000000e+03
3.762060000000000000e+05 3.011000000000000000e+03
3.762260000000000000e+05 3.191000000000000000e+03
3.762460000000000000e+05 3.262000000000000000e+03
3.762660000000000000e+05 2.967000000000000000e+03
3.762860000000000000e+05 3.054000000000000000e+03
3.763060000000000000e+05 3.056000000000000000e+03
3.763260000000000000e+05 2.942000000000000000e+03
3.763460000000000000e+05 3.154000000000000000e+03
3.763660000000000000e+05 3.145000000000000000e+03
3.763860000000000000e+05 3.069000000000000000e+03
3.764060000000000000e+05 3.169000000000000000e+03
3.764260000000000000e+05 3.259000000000000000e+03
3.764460000000000000e+05 3.234000000000000000e+03
3.764660000000000000e+05 3.374000000000000000e+03
3.764860000000000000e+05 3.451000000000000000e+03
3.765060000000000000e+05 3.272000000000000000e+03
3.765260000000000000e+05 3.253000000000000000e+03
3.765460000000000000e+05 3.302000000000000000e+03
3.765660000000000000e+05 3.318000000000000000e+03
3.765860000000000000e+05 3.751000000000000000e+03
3.766060000000000000e+05 3.530000000000000000e+03
3.766260000000000000e+05 3.705000000000000000e+03
3.766460000000000000e+05 3.662000000000000000e+03
3.766660000000000000e+05 4.138000000000000000e+03
3.766860000000000000e+05 4.018000000000000000e+03
3.767060000000000000e+05 4.244000000000000000e+03
3.767260000000000000e+05 4.354000000000000000e+03
3.767460000000000000e+05 4.463000000000000000e+03
3.767660000000000000e+05 4.827000000000000000e+03
3.767860000000000000e+05 5.273000000000000000e+03
3.768060000000000000e+05 5.143000000000000000e+03
3.768260000000000000e+05 5.221000000000000000e+03
3.768460000000000000e+05 5.698000000000000000e+03
3.768660000000000000e+05 5.653000000000000000e+03
3.768860000000000000e+05 5.687000000000000000e+03
3.769060000000000000e+05 5.878000000000000000e+03
3.769260000000000000e+05 5.897000000000000000e+03
3.769460000000000000e+05 5.916000000000000000e+03
3.769660000000000000e+05 5.985000000000000000e+03
3.769860000000000000e+05 5.670000000000000000e+03
3.770060000000000000e+05 6.018000000000000000e+03
3.770260000000000000e+05 5.529000000000000000e+03
3.770460000000000000e+05 5.150000000000000000e+03
3.770660000000000000e+05 5.514000000000000000e+03
3.770860000000000000e+05 5.000000000000000000e+03
3.771060000000000000e+05 4.723000000000000000e+03
3.771260000000000000e+05 4.806000000000000000e+03
3.771460000000000000e+05 4.546000000000000000e+03
3.771660000000000000e+05 4.410000000000000000e+03
3.771860000000000000e+05 4.378000000000000000e+03
3.772060000000000000e+05 4.022000000000000000e+03
3.772260000000000000e+05 3.804000000000000000e+03
3.772460000000000000e+05 3.781000000000000000e+03
3.772660000000000000e+05 3.766000000000000000e+03
3.772860000000000000e+05 3.270000000000000000e+03
3.773060000000000000e+05 3.488000000000000000e+03
3.773260000000000000e+05 3.231000000000000000e+03
3.773460000000000000e+05 3.380000000000000000e+03
3.773660000000000000e+05 3.344000000000000000e+03
3.773860000000000000e+05 3.098000000000000000e+03
3.774060000000000000e+05 3.235000000000000000e+03
3.774260000000000000e+05 3.100000000000000000e+03
3.774460000000000000e+05 3.228000000000000000e+03
3.774660000000000000e+05 3.203000000000000000e+03
3.774860000000000000e+05 3.392000000000000000e+03
3.775060000000000000e+05 3.309000000000000000e+03
3.775260000000000000e+05 3.305000000000000000e+03
3.775460000000000000e+05 3.303000000000000000e+03
3.775660000000000000e+05 3.131000000000000000e+03
3.775860000000000000e+05 3.154000000000000000e+03
3.776060000000000000e+05 3.079000000000000000e+03
3.776260000000000000e+05 3.126000000000000000e+03
3.776460000000000000e+05 2.946000000000000000e+03
3.776660000000000000e+05 3.153000000000000000e+03
3.776860000000000000e+05 2.732000000000000000e+03
3.777060000000000000e+05 3.119000000000000000e+03
3.777260000000000000e+05 3.069000000000000000e+03
3.777460000000000000e+05 3.196000000000000000e+03
3.777660000000000000e+05 3.132000000000000000e+03
3.777860000000000000e+05 3.131000000000000000e+03
3.778060000000000000e+05 3.186000000000000000e+03
3.778260000000000000e+05 2.948000000000000000e+03
3.778460000000000000e+05 3.063000000000000000e+03
3.778660000000000000e+05 3.244000000000000000e+03
3.778860000000000000e+05 3.330000000000000000e+03
3.779060000000000000e+05 3.006000000000000000e+03
3.779260000000000000e+05 3.017000000000000000e+03
3.779460000000000000e+05 3.181000000000000000e+03
3.779660000000000000e+05 3.233000000000000000e+03
3.779860000000000000e+05 3.184000000000000000e+03
3.780060000000000000e+05 3.328000000000000000e+03
3.780260000000000000e+05 3.226000000000000000e+03
3.780460000000000000e+05 3.199000000000000000e+03
3.780660000000000000e+05 3.188000000000000000e+03
3.780860000000000000e+05 3.129000000000000000e+03
3.781060000000000000e+05 3.437000000000000000e+03
3.781260000000000000e+05 3.280000000000000000e+03
3.781460000000000000e+05 3.267000000000000000e+03
3.781660000000000000e+05 3.296000000000000000e+03
3.781860000000000000e+05 3.159000000000000000e+03
3.782060000000000000e+05 3.089000000000000000e+03
3.782260000000000000e+05 2.892000000000000000e+03
3.782460000000000000e+05 3.139000000000000000e+03
3.782660000000000000e+05 3.199000000000000000e+03
3.782860000000000000e+05 3.281000000000000000e+03
3.783060000000000000e+05 3.067000000000000000e+03
3.783260000000000000e+05 2.841000000000000000e+03
3.783460000000000000e+05 2.852000000000000000e+03
3.783660000000000000e+05 3.027000000000000000e+03
3.783860000000000000e+05 3.022000000000000000e+03
3.784060000000000000e+05 2.965000000000000000e+03
3.784260000000000000e+05 3.330000000000000000e+03
3.784460000000000000e+05 3.044000000000000000e+03
3.784660000000000000e+05 3.049000000000000000e+03
3.784860000000000000e+05 3.130000000000000000e+03
3.785060000000000000e+05 3.018000000000000000e+03
3.785260000000000000e+05 2.966000000000000000e+03
3.785460000000000000e+05 3.070000000000000000e+03
3.785660000000000000e+05 3.089000000000000000e+03
3.785860000000000000e+05 3.167000000000000000e+03
3.786060000000000000e+05 3.223000000000000000e+03
3.786260000000000000e+05 3.305000000000000000e+03
3.786460000000000000e+05 2.993000000000000000e+03
3.786660000000000000e+05 3.191000000000000000e+03
3.786860000000000000e+05 2.984000000000000000e+03
3.787060000000000000e+05 2.905000000000000000e+03
3.787260000000000000e+05 3.048000000000000000e+03
3.787460000000000000e+05 3.094000000000000000e+03
3.787660000000000000e+05 3.164000000000000000e+03
3.787860000000000000e+05 3.118000000000000000e+03
3.788060000000000000e+05 3.171000000000000000e+03
3.788260000000000000e+05 3.384000000000000000e+03
3.788460000000000000e+05 3.296000000000000000e+03
3.788660000000000000e+05 3.440000000000000000e+03
3.788860000000000000e+05 3.469000000000000000e+03
3.789060000000000000e+05 3.862000000000000000e+03
3.789260000000000000e+05 4.058000000000000000e+03
3.789460000000000000e+05 4.395000000000000000e+03
3.789660000000000000e+05 4.684000000000000000e+03
3.789860000000000000e+05 4.480000000000000000e+03
3.790060000000000000e+05 4.798000000000000000e+03
3.790260000000000000e+05 5.108000000000000000e+03
3.790460000000000000e+05 5.394000000000000000e+03
3.790660000000000000e+05 5.742000000000000000e+03
3.790860000000000000e+05 5.644000000000000000e+03
3.791060000000000000e+05 5.964000000000000000e+03
3.791260000000000000e+05 5.946000000000000000e+03
3.791460000000000000e+05 5.773000000000000000e+03
3.791660000000000000e+05 5.741000000000000000e+03
3.791860000000000000e+05 5.633000000000000000e+03
3.792060000000000000e+05 5.333000000000000000e+03
3.792260000000000000e+05 5.250000000000000000e+03
3.792460000000000000e+05 5.169000000000000000e+03
3.792660000000000000e+05 4.901000000000000000e+03
3.792860000000000000e+05 5.123000000000000000e+03
3.793060000000000000e+05 4.858000000000000000e+03
3.793260000000000000e+05 4.684000000000000000e+03
3.793460000000000000e+05 4.359000000000000000e+03
3.793660000000000000e+05 4.170000000000000000e+03
3.793860000000000000e+05 4.094000000000000000e+03
3.794060000000000000e+05 3.989000000000000000e+03
3.794260000000000000e+05 3.820000000000000000e+03
3.794460000000000000e+05 3.610000000000000000e+03
3.794660000000000000e+05 3.679000000000000000e+03
3.794860000000000000e+05 3.639000000000000000e+03
3.795060000000000000e+05 3.420000000000000000e+03
3.795260000000000000e+05 3.291000000000000000e+03
3.795460000000000000e+05 3.106000000000000000e+03
3.795660000000000000e+05 3.107000000000000000e+03
3.795860000000000000e+05 3.024000000000000000e+03
3.796060000000000000e+05 3.201000000000000000e+03
3.796260000000000000e+05 3.293000000000000000e+03
3.796460000000000000e+05 3.177000000000000000e+03
3.796660000000000000e+05 3.154000000000000000e+03
3.796860000000000000e+05 3.104000000000000000e+03
3.797060000000000000e+05 3.011000000000000000e+03
3.797260000000000000e+05 2.912000000000000000e+03
3.797460000000000000e+05 2.982000000000000000e+03
3.797660000000000000e+05 3.292000000000000000e+03
3.797860000000000000e+05 2.968000000000000000e+03
3.798060000000000000e+05 3.197000000000000000e+03
3.798260000000000000e+05 3.303000000000000000e+03
3.798460000000000000e+05 3.103000000000000000e+03
3.798660000000000000e+05 3.282000000000000000e+03
3.798860000000000000e+05 3.428000000000000000e+03
3.799060000000000000e+05 3.357000000000000000e+03
3.799260000000000000e+05 3.068000000000000000e+03
3.799460000000000000e+05 3.284000000000000000e+03
3.799660000000000000e+05 3.297000000000000000e+03
3.799860000000000000e+05 3.043000000000000000e+03
3.800060000000000000e+05 3.375000000000000000e+03
3.800260000000000000e+05 3.287000000000000000e+03
3.800460000000000000e+05 3.350000000000000000e+03
3.800660000000000000e+05 3.217000000000000000e+03
3.800860000000000000e+05 3.066000000000000000e+03
3.801060000000000000e+05 3.388000000000000000e+03
3.801260000000000000e+05 3.361000000000000000e+03
3.801460000000000000e+05 3.251000000000000000e+03
3.801660000000000000e+05 3.109000000000000000e+03
3.801860000000000000e+05 3.195000000000000000e+03
3.802060000000000000e+05 3.357000000000000000e+03
3.802260000000000000e+05 3.175000000000000000e+03
3.802460000000000000e+05 3.269000000000000000e+03
3.802660000000000000e+05 3.237000000000000000e+03
3.802860000000000000e+05 3.394000000000000000e+03
3.803060000000000000e+05 3.170000000000000000e+03
3.803260000000000000e+05 3.227000000000000000e+03
3.803460000000000000e+05 3.207000000000000000e+03
3.803660000000000000e+05 3.230000000000000000e+03
3.803860000000000000e+05 3.251000000000000000e+03
3.804060000000000000e+05 3.158000000000000000e+03
3.804260000000000000e+05 3.183000000000000000e+03
3.804460000000000000e+05 3.198000000000000000e+03
3.804660000000000000e+05 2.929000000000000000e+03
3.804860000000000000e+05 2.986000000000000000e+03
3.805060000000000000e+05 3.239000000000000000e+03
3.805260000000000000e+05 3.093000000000000000e+03
3.805460000000000000e+05 3.061000000000000000e+03
3.805660000000000000e+05 3.103000000000000000e+03
3.805860000000000000e+05 2.888000000000000000e+03
3.806060000000000000e+05 3.211000000000000000e+03
3.806260000000000000e+05 2.797000000000000000e+03
3.806460000000000000e+05 3.095000000000000000e+03
3.806660000000000000e+05 2.914000000000000000e+03
3.806860000000000000e+05 2.894000000000000000e+03
3.807060000000000000e+05 2.932000000000000000e+03
3.807260000000000000e+05 3.106000000000000000e+03
3.807460000000000000e+05 3.005000000000000000e+03
3.807660000000000000e+05 3.021000000000000000e+03
3.807860000000000000e+05 3.068000000000000000e+03
3.808060000000000000e+05 3.212000000000000000e+03
3.808260000000000000e+05 3.004000000000000000e+03
3.808460000000000000e+05 2.886000000000000000e+03
3.808660000000000000e+05 2.890000000000000000e+03
3.808860000000000000e+05 3.055000000000000000e+03
3.809060000000000000e+05 3.059000000000000000e+03
3.809260000000000000e+05 3.127000000000000000e+03
3.809460000000000000e+05 3.010000000000000000e+03
3.809660000000000000e+05 3.103000000000000000e+03
3.809860000000000000e+05 2.968000000000000000e+03
3.810060000000000000e+05 3.095000000000000000e+03
3.810260000000000000e+05 2.984000000000000000e+03
3.810460000000000000e+05 2.747000000000000000e+03
3.810660000000000000e+05 3.093000000000000000e+03
3.810860000000000000e+05 2.963000000000000000e+03
3.811060000000000000e+05 2.784000000000000000e+03
3.811260000000000000e+05 3.245000000000000000e+03
3.811460000000000000e+05 2.908000000000000000e+03
3.811660000000000000e+05 3.100000000000000000e+03
3.811860000000000000e+05 3.083000000000000000e+03
3.812060000000000000e+05 3.233000000000000000e+03
3.812260000000000000e+05 2.903000000000000000e+03
3.812460000000000000e+05 3.117000000000000000e+03
3.812660000000000000e+05 3.030000000000000000e+03
3.812860000000000000e+05 3.152000000000000000e+03
3.813060000000000000e+05 3.003000000000000000e+03
3.813260000000000000e+05 3.170000000000000000e+03
3.813460000000000000e+05 2.778000000000000000e+03
3.813660000000000000e+05 3.162000000000000000e+03
3.813860000000000000e+05 3.085000000000000000e+03
3.814060000000000000e+05 3.093000000000000000e+03
3.814260000000000000e+05 2.928000000000000000e+03
3.814460000000000000e+05 3.199000000000000000e+03
3.814660000000000000e+05 2.984000000000000000e+03
3.814860000000000000e+05 2.907000000000000000e+03
3.815060000000000000e+05 2.979000000000000000e+03
3.815260000000000000e+05 3.048000000000000000e+03
