3.739810000000000000e+05 8.070000000000000000e+02
3.740310000000000000e+05 9.360000000000000000e+02
3.740810000000000000e+05 8.800000000000000000e+02
3.741310000000000000e+05 8.420000000000000000e+02
3.741810000000000000e+05 9.220000000000000000e+02
3.742310000000000000e+05 9.570000000000000000e+02
3.742810000000000000e+05 8.720000000000000000e+02
3.743310000000000000e+05 9.170000000000000000e+02
3.743810000000000000e+05 8.780000000000000000e+02
3.744310000000000000e+05 8.860000000000000000e+02
3.744810000000000000e+05 8.790000000000000000e+02
3.745310000000000000e+05 9.620000000000000000e+02
3.745810000000000000e+05 1.009000000000000000e+03
3.746310000000000000e+05 9.450000000000000000e+02
3.746810000000000000e+05 1.132000000000000000e+03
3.747310000000000000e+05 1.111000000000000000e+03
3.747810000000000000e+05 1.493000000000000000e+03
3.748310000000000000e+05 2.060000000000000000e+03
3.748810000000000000e+05 3.876000000000000000e+03
3.749310000000000000e+05 1.054700000000000000e+04
3.749810000000000000e+05 1.736600000000000000e+04
3.750310000000000000e+05 9.689000000000000000e+03
3.750810000000000000e+05 1.295800000000000000e+04
3.751310000000000000e+05 4.647000000000000000e+03
3.751810000000000000e+05 2.264000000000000000e+03
3.752310000000000000e+05 1.795000000000000000e+03
3.752810000000000000e+05 1.488000000000000000e+03
3.753310000000000000e+05 1.481000000000000000e+03
3.753810000000000000e+05 1.075000000000000000e+03
3.754310000000000000e+05 9.930000000000000000e+02
3.754810000000000000e+05 9.610000000000000000e+02
3.755310000000000000e+05 9.670000000000000000e+02
3.755810000000000000e+05 9.800000000000000000e+02
3.756310000000000000e+05 8.680000000000000000e+02
3.756810000000000000e+05 9.980000000000000000e+02
3.757310000000000000e+05 9.280000000000000000e+02
3.757810000000000000e+05 8.950000000000000000e+02
3.758310000000000000e+05 8.500000000000000000e+02
3.758810000000000000e+05 8.720000000000000000e+02
3.759310000000000000e+05 8.550000000000000000e+02
