3.706860000000000000e+05 2.581000000000000000e+03
3.707360000000000000e+05 2.498000000000000000e+03
3.707860000000000000e+05 2.584000000000000000e+03
3.708360000000000000e+05 2.537000000000000000e+03
3.708860000000000000e+05 2.351000000000000000e+03
3.709360000000000000e+05 2.604000000000000000e+03
3.709860000000000000e+05 2.491000000000000000e+03
3.710360000000000000e+05 2.560000000000000000e+03
3.710860000000000000e+05 2.432000000000000000e+03
3.711360000000000000e+05 2.438000000000000000e+03
3.711860000000000000e+05 2.505000000000000000e+03
3.712360000000000000e+05 2.462000000000000000e+03
3.712860000000000000e+05 2.511000000000000000e+03
3.713360000000000000e+05 2.661000000000000000e+03
3.713860000000000000e+05 2.772000000000000000e+03
3.714360000000000000e+05 4.004000000000000000e+03
3.714860000000000000e+05 5.746000000000000000e+03
3.715360000000000000e+05 1.047300000000000000e+04
3.715860000000000000e+05 1.272100000000000000e+04
3.716360000000000000e+05 2.210000000000000000e+04
3.716860000000000000e+05 4.353100000000000000e+04
3.717360000000000000e+05 4.610500000000000000e+04
3.717860000000000000e+05 3.543400000000000000e+04
3.718360000000000000e+05 1.902900000000000000e+04
3.718860000000000000e+05 1.428700000000000000e+04
3.719360000000000000e+05 1.549600000000000000e+04
3.719860000000000000e+05 1.343900000000000000e+04
3.720360000000000000e+05 1.103800000000000000e+04
3.720860000000000000e+05 9.906000000000000000e+03
3.721360000000000000e+05 6.012000000000000000e+03
3.721860000000000000e+05 2.855000000000000000e+03
3.722360000000000000e+05 2.631000000000000000e+03
3.722860000000000000e+05 2.610000000000000000e+03
3.723360000000000000e+05 2.473000000000000000e+03
3.723860000000000000e+05 2.460000000000000000e+03
3.724360000000000000e+05 2.543000000000000000e+03
3.724860000000000000e+05 2.536000000000000000e+03
3.725360000000000000e+05 2.350000000000000000e+03
3.725860000000000000e+05 2.489000000000000000e+03
3.726360000000000000e+05 2.413000000000000000e+03
