0.000000000000000000e+00 4.926897000000000000e+06 5.000120000000000000e+05
1.000000000000000000e+00 5.390615000000000000e+06 5.000080000000000000e+05
2.000000000000000000e+00 6.121478000000000000e+06 5.000080000000000000e+05
3.000000000000000000e+00 5.307804000000000000e+06 5.000080000000000000e+05
4.000000000000000000e+00 4.816070000000000000e+06 5.000120000000000000e+05
5.000000000000000000e+00 4.481447000000000000e+06 5.000120000000000000e+05
6.000000000000000000e+00 5.062149000000000000e+06 5.000080000000000000e+05
7.000000000000000000e+00 5.040715000000000000e+06 5.000080000000000000e+05
8.000000000000000000e+00 4.258295000000000000e+06 5.000120000000000000e+05
9.000000000000000000e+00 4.147000000000000000e+06 5.000120000000000000e+05
