4.000000000000000000e+01 5.397200000000000000e+04 5.000120000000000000e+05
4.100000000000000000e+01 5.067700000000000000e+04 5.000080000000000000e+05
4.200000000000000000e+01 4.680400000000000000e+04 5.000080000000000000e+05
4.300000000000000000e+01 4.914900000000000000e+04 5.000120000000000000e+05
4.400000000000000000e+01 5.155700000000000000e+04 5.000120000000000000e+05
4.500000000000000000e+01 4.417900000000000000e+04 5.000080000000000000e+05
4.600000000000000000e+01 4.473300000000000000e+04 5.000120000000000000e+05
4.700000000000000000e+01 4.109300000000000000e+04 5.000120000000000000e+05
4.800000000000000000e+01 4.126600000000000000e+04 5.000120000000000000e+05
4.900000000000000000e+01 4.327200000000000000e+04 5.000080000000000000e+05
5.000000000000000000e+01 4.292000000000000000e+04 5.000120000000000000e+05
5.100000000000000000e+01 4.134200000000000000e+04 5.000080000000000000e+05
5.200000000000000000e+01 4.106200000000000000e+04 5.000120000000000000e+05
5.300000000000000000e+01 4.195900000000000000e+04 5.000120000000000000e+05
5.400000000000000000e+01 4.088500000000000000e+04 5.000120000000000000e+05
5.500000000000000000e+01 3.964300000000000000e+04 5.000120000000000000e+05
5.600000000000000000e+01 3.823100000000000000e+04 5.000120000000000000e+05
5.700000000000000000e+01 3.851700000000000000e+04 5.000120000000000000e+05
5.800000000000000000e+01 3.887800000000000000e+04 5.000080000000000000e+05
5.900000000000000000e+01 3.812800000000000000e+04 5.000120000000000000e+05
6.000000000000000000e+01 3.659000000000000000e+04 5.000120000000000000e+05
6.100000000000000000e+01 3.642800000000000000e+04 5.000080000000000000e+05
6.200000000000000000e+01 3.715800000000000000e+04 5.000080000000000000e+05
6.300000000000000000e+01 3.655800000000000000e+04 5.000120000000000000e+05
6.400000000000000000e+01 3.830900000000000000e+04 5.000120000000000000e+05
6.500000000000000000e+01 3.863500000000000000e+04 5.000080000000000000e+05
6.600000000000000000e+01 3.800700000000000000e+04 5.000120000000000000e+05
6.700000000000000000e+01 3.875100000000000000e+04 5.000080000000000000e+05
6.800000000000000000e+01 3.996300000000000000e+04 5.000120000000000000e+05
6.900000000000000000e+01 4.307000000000000000e+04 5.000080000000000000e+05
7.000000000000000000e+01 4.388300000000000000e+04 5.000120000000000000e+05
7.100000000000000000e+01 4.713200000000000000e+04 5.000120000000000000e+05
7.200000000000000000e+01 5.307200000000000000e+04 5.000120000000000000e+05
7.300000000000000000e+01 6.377700000000000000e+04 5.000080000000000000e+05
7.400000000000000000e+01 6.966200000000000000e+04 5.000120000000000000e+05
7.500000000000000000e+01 7.268800000000000000e+04 5.000080000000000000e+05
7.600000000000000000e+01 7.285900000000000000e+04 5.000080000000000000e+05
7.700000000000000000e+01 7.330500000000000000e+04 5.000120000000000000e+05
7.800000000000000000e+01 7.272100000000000000e+04 5.000080000000000000e+05
7.900000000000000000e+01 6.833500000000000000e+04 5.000120000000000000e+05
8.000000000000000000e+01 6.294800000000000000e+04 5.000080000000000000e+05
8.100000000000000000e+01 5.653200000000000000e+04 5.000120000000000000e+05
8.200000000000000000e+01 5.452100000000000000e+04 5.000080000000000000e+05
8.300000000000000000e+01 5.021900000000000000e+04 5.000080000000000000e+05
8.400000000000000000e+01 4.599600000000000000e+04 5.000120000000000000e+05
8.500000000000000000e+01 4.391700000000000000e+04 5.000080000000000000e+05
8.600000000000000000e+01 4.480500000000000000e+04 5.000120000000000000e+05
8.700000000000000000e+01 4.070500000000000000e+04 5.000080000000000000e+05
8.800000000000000000e+01 3.644200000000000000e+04 5.000120000000000000e+05
8.900000000000000000e+01 3.415900000000000000e+04 5.000080000000000000e+05
9.000000000000000000e+01 3.332100000000000000e+04 5.000120000000000000e+05
9.100000000000000000e+01 3.190900000000000000e+04 5.000080000000000000e+05
9.200000000000000000e+01 3.007700000000000000e+04 5.000120000000000000e+05
9.300000000000000000e+01 3.009000000000000000e+04 5.000080000000000000e+05
9.400000000000000000e+01 3.028300000000000000e+04 5.000080000000000000e+05
9.500000000000000000e+01 3.051500000000000000e+04 5.000120000000000000e+05
9.600000000000000000e+01 2.987900000000000000e+04 5.000080000000000000e+05
9.700000000000000000e+01 2.998900000000000000e+04 5.000080000000000000e+05
9.800000000000000000e+01 3.060000000000000000e+04 5.000120000000000000e+05
9.900000000000000000e+01 3.053100000000000000e+04 5.000080000000000000e+05
1.000000000000000000e+02 3.121200000000000000e+04 5.000120000000000000e+05
1.010000000000000000e+02 3.200900000000000000e+04 5.000080000000000000e+05
1.020000000000000000e+02 3.158300000000000000e+04 5.000120000000000000e+05
1.030000000000000000e+02 3.260300000000000000e+04 5.000120000000000000e+05
1.040000000000000000e+02 3.624100000000000000e+04 5.000080000000000000e+05
1.050000000000000000e+02 4.361200000000000000e+04 5.000160000000000000e+05
1.060000000000000000e+02 4.774600000000000000e+04 5.000080000000000000e+05
1.070000000000000000e+02 5.137700000000000000e+04 5.000120000000000000e+05
1.080000000000000000e+02 5.701000000000000000e+04 5.000120000000000000e+05
1.090000000000000000e+02 5.900600000000000000e+04 5.000080000000000000e+05
1.100000000000000000e+02 5.887800000000000000e+04 5.000080000000000000e+05
1.110000000000000000e+02 6.119500000000000000e+04 5.000080000000000000e+05
1.120000000000000000e+02 6.009700000000000000e+04 5.000120000000000000e+05
1.130000000000000000e+02 5.859200000000000000e+04 5.000120000000000000e+05
1.140000000000000000e+02 5.744700000000000000e+04 5.000080000000000000e+05
1.150000000000000000e+02 5.321900000000000000e+04 5.000080000000000000e+05
1.160000000000000000e+02 4.863800000000000000e+04 5.000080000000000000e+05
1.170000000000000000e+02 4.558800000000000000e+04 5.000080000000000000e+05
1.180000000000000000e+02 4.487700000000000000e+04 5.000080000000000000e+05
1.190000000000000000e+02 4.253600000000000000e+04 5.000080000000000000e+05
1.200000000000000000e+02 4.029000000000000000e+04 5.000080000000000000e+05
1.210000000000000000e+02 3.581400000000000000e+04 5.000080000000000000e+05
1.220000000000000000e+02 3.274800000000000000e+04 5.000120000000000000e+05
1.230000000000000000e+02 2.995600000000000000e+04 5.000120000000000000e+05
1.240000000000000000e+02 2.726900000000000000e+04 5.000120000000000000e+05
1.250000000000000000e+02 2.626400000000000000e+04 5.000080000000000000e+05
1.260000000000000000e+02 2.630100000000000000e+04 5.000120000000000000e+05
1.270000000000000000e+02 2.538300000000000000e+04 5.000120000000000000e+05
1.280000000000000000e+02 2.313900000000000000e+04 5.000080000000000000e+05
1.290000000000000000e+02 2.099800000000000000e+04 5.000120000000000000e+05
1.300000000000000000e+02 1.910600000000000000e+04 5.000080000000000000e+05
1.310000000000000000e+02 1.848600000000000000e+04 5.000160000000000000e+05
1.320000000000000000e+02 1.696900000000000000e+04 5.000120000000000000e+05
1.330000000000000000e+02 1.630400000000000000e+04 5.000080000000000000e+05
1.340000000000000000e+02 1.659100000000000000e+04 5.000120000000000000e+05
1.350000000000000000e+02 1.593300000000000000e+04 5.000120000000000000e+05
1.360000000000000000e+02 1.497900000000000000e+04 5.000080000000000000e+05
1.370000000000000000e+02 1.402800000000000000e+04 5.000080000000000000e+05
1.380000000000000000e+02 1.361200000000000000e+04 5.000080000000000000e+05
1.390000000000000000e+02 1.275300000000000000e+04 5.000120000000000000e+05
1.400000000000000000e+02 1.226100000000000000e+04 5.000080000000000000e+05
1.410000000000000000e+02 1.198400000000000000e+04 5.000120000000000000e+05
1.420000000000000000e+02 1.172500000000000000e+04 5.000120000000000000e+05
1.430000000000000000e+02 1.128800000000000000e+04 5.000160000000000000e+05
1.440000000000000000e+02 1.081100000000000000e+04 5.000080000000000000e+05
1.450000000000000000e+02 1.076200000000000000e+04 5.000120000000000000e+05
1.460000000000000000e+02 1.081200000000000000e+04 5.000080000000000000e+05
1.470000000000000000e+02 1.074400000000000000e+04 5.000120000000000000e+05
1.480000000000000000e+02 1.010200000000000000e+04 5.000120000000000000e+05
1.490000000000000000e+02 1.024700000000000000e+04 5.000120000000000000e+05
1.500000000000000000e+02 1.033100000000000000e+04 5.000120000000000000e+05
1.510000000000000000e+02 9.969000000000000000e+03 5.000080000000000000e+05
1.520000000000000000e+02 9.379000000000000000e+03 5.000080000000000000e+05
1.530000000000000000e+02 9.228000000000000000e+03 5.000080000000000000e+05
1.540000000000000000e+02 9.386000000000000000e+03 5.000080000000000000e+05
1.550000000000000000e+02 9.147000000000000000e+03 5.000080000000000000e+05
1.560000000000000000e+02 9.253000000000000000e+03 5.000080000000000000e+05
1.570000000000000000e+02 9.043000000000000000e+03 5.000080000000000000e+05
1.580000000000000000e+02 9.301000000000000000e+03 5.000080000000000000e+05
1.590000000000000000e+02 9.416000000000000000e+03 5.000080000000000000e+05
1.600000000000000000e+02 9.265000000000000000e+03 5.000120000000000000e+05
1.610000000000000000e+02 8.988000000000000000e+03 5.000080000000000000e+05
1.620000000000000000e+02 8.928000000000000000e+03 5.000080000000000000e+05
1.630000000000000000e+02 8.885000000000000000e+03 5.000120000000000000e+05
1.640000000000000000e+02 9.128000000000000000e+03 5.000120000000000000e+05
1.650000000000000000e+02 8.916000000000000000e+03 5.000120000000000000e+05
1.660000000000000000e+02 8.973000000000000000e+03 5.000080000000000000e+05
1.670000000000000000e+02 9.028000000000000000e+03 5.000120000000000000e+05
1.680000000000000000e+02 8.895000000000000000e+03 5.000080000000000000e+05
1.690000000000000000e+02 9.180000000000000000e+03 5.000080000000000000e+05
1.700000000000000000e+02 9.102000000000000000e+03 5.000120000000000000e+05
1.710000000000000000e+02 8.977000000000000000e+03 5.000080000000000000e+05
1.720000000000000000e+02 8.914000000000000000e+03 5.000120000000000000e+05
1.730000000000000000e+02 8.796000000000000000e+03 5.000120000000000000e+05
1.740000000000000000e+02 8.690000000000000000e+03 5.000080000000000000e+05
1.750000000000000000e+02 8.829000000000000000e+03 5.000120000000000000e+05
1.760000000000000000e+02 8.826000000000000000e+03 5.000080000000000000e+05
1.770000000000000000e+02 8.713000000000000000e+03 5.000120000000000000e+05
1.780000000000000000e+02 8.777000000000000000e+03 5.000120000000000000e+05
1.790000000000000000e+02 8.840000000000000000e+03 5.000120000000000000e+05
1.800000000000000000e+02 8.926000000000000000e+03 5.000080000000000000e+05
1.810000000000000000e+02 8.956000000000000000e+03 5.000080000000000000e+05
1.820000000000000000e+02 8.967000000000000000e+03 5.000120000000000000e+05
1.830000000000000000e+02 9.072000000000000000e+03 5.000120000000000000e+05
1.840000000000000000e+02 9.113000000000000000e+03 5.000120000000000000e+05
1.850000000000000000e+02 8.970000000000000000e+03 5.000120000000000000e+05
1.860000000000000000e+02 8.952000000000000000e+03 5.000080000000000000e+05
1.870000000000000000e+02 8.943000000000000000e+03 5.000120000000000000e+05
1.880000000000000000e+02 8.692000000000000000e+03 5.000120000000000000e+05
1.890000000000000000e+02 8.881000000000000000e+03 5.000080000000000000e+05
1.900000000000000000e+02 8.845000000000000000e+03 5.000080000000000000e+05
1.910000000000000000e+02 8.671000000000000000e+03 5.000120000000000000e+05
1.920000000000000000e+02 8.698000000000000000e+03 5.000120000000000000e+05
1.930000000000000000e+02 8.851000000000000000e+03 5.000080000000000000e+05
1.940000000000000000e+02 8.797000000000000000e+03 5.000120000000000000e+05
1.950000000000000000e+02 8.800000000000000000e+03 5.000120000000000000e+05
1.960000000000000000e+02 8.840000000000000000e+03 5.000120000000000000e+05
1.970000000000000000e+02 8.949000000000000000e+03 5.000080000000000000e+05
1.980000000000000000e+02 8.737000000000000000e+03 5.000080000000000000e+05
1.990000000000000000e+02 8.871000000000000000e+03 5.000120000000000000e+05
2.000000000000000000e+02 8.771000000000000000e+03 5.000080000000000000e+05
2.010000000000000000e+02 8.759000000000000000e+03 5.000120000000000000e+05
2.020000000000000000e+02 8.708000000000000000e+03 5.000080000000000000e+05
2.030000000000000000e+02 8.310000000000000000e+03 5.000120000000000000e+05
2.040000000000000000e+02 8.420000000000000000e+03 5.000120000000000000e+05
2.050000000000000000e+02 8.434000000000000000e+03 5.000120000000000000e+05
2.060000000000000000e+02 8.256000000000000000e+03 5.000080000000000000e+05
2.070000000000000000e+02 8.234000000000000000e+03 5.000080000000000000e+05
2.080000000000000000e+02 8.276000000000000000e+03 5.000080000000000000e+05
2.090000000000000000e+02 8.550000000000000000e+03 5.000120000000000000e+05
2.100000000000000000e+02 8.465000000000000000e+03 5.000160000000000000e+05
2.110000000000000000e+02 8.620000000000000000e+03 5.000120000000000000e+05
2.120000000000000000e+02 8.475000000000000000e+03 5.000080000000000000e+05
2.130000000000000000e+02 8.418000000000000000e+03 5.000120000000000000e+05
2.140000000000000000e+02 8.642000000000000000e+03 5.000120000000000000e+05
2.150000000000000000e+02 8.561000000000000000e+03 5.000080000000000000e+05
2.160000000000000000e+02 8.760000000000000000e+03 5.000080000000000000e+05
2.170000000000000000e+02 8.665000000000000000e+03 5.000080000000000000e+05
2.180000000000000000e+02 8.568000000000000000e+03 5.000120000000000000e+05
2.190000000000000000e+02 8.568000000000000000e+03 5.000120000000000000e+05
2.200000000000000000e+02 8.597000000000000000e+03 5.000080000000000000e+05
2.210000000000000000e+02 8.407000000000000000e+03 5.000120000000000000e+05
2.220000000000000000e+02 8.615000000000000000e+03 5.000120000000000000e+05
2.230000000000000000e+02 8.456000000000000000e+03 5.000080000000000000e+05
2.240000000000000000e+02 8.756000000000000000e+03 5.000120000000000000e+05
2.250000000000000000e+02 8.984000000000000000e+03 5.000080000000000000e+05
2.260000000000000000e+02 9.002000000000000000e+03 5.000120000000000000e+05
2.270000000000000000e+02 9.000000000000000000e+03 5.000080000000000000e+05
2.280000000000000000e+02 8.879000000000000000e+03 5.000080000000000000e+05
2.290000000000000000e+02 8.690000000000000000e+03 5.000120000000000000e+05
2.300000000000000000e+02 9.023000000000000000e+03 5.000080000000000000e+05
2.310000000000000000e+02 9.373000000000000000e+03 5.000080000000000000e+05
2.320000000000000000e+02 9.397000000000000000e+03 5.000120000000000000e+05
2.330000000000000000e+02 9.220000000000000000e+03 5.000080000000000000e+05
2.340000000000000000e+02 9.186000000000000000e+03 5.000120000000000000e+05
2.350000000000000000e+02 9.415000000000000000e+03 5.000080000000000000e+05
2.360000000000000000e+02 9.561000000000000000e+03 5.000120000000000000e+05
2.370000000000000000e+02 9.754000000000000000e+03 5.000080000000000000e+05
2.380000000000000000e+02 9.652000000000000000e+03 5.000080000000000000e+05
2.390000000000000000e+02 1.013800000000000000e+04 5.000080000000000000e+05
