3.769810000000000000e+05 8.780000000000000000e+02
3.770810000000000000e+05 8.490000000000000000e+02
3.771810000000000000e+05 8.000000000000000000e+02
3.772810000000000000e+05 7.430000000000000000e+02
3.773810000000000000e+05 7.510000000000000000e+02
3.774810000000000000e+05 6.670000000000000000e+02
3.775810000000000000e+05 7.960000000000000000e+02
3.776810000000000000e+05 8.170000000000000000e+02
3.777810000000000000e+05 7.970000000000000000e+02
3.778810000000000000e+05 7.710000000000000000e+02
3.779810000000000000e+05 7.960000000000000000e+02
3.780810000000000000e+05 7.350000000000000000e+02
3.781810000000000000e+05 8.160000000000000000e+02
3.782810000000000000e+05 7.340000000000000000e+02
3.783810000000000000e+05 8.290000000000000000e+02
3.784810000000000000e+05 7.740000000000000000e+02
3.785810000000000000e+05 7.340000000000000000e+02
3.786810000000000000e+05 7.180000000000000000e+02
3.787810000000000000e+05 8.870000000000000000e+02
3.788810000000000000e+05 7.880000000000000000e+02
3.789810000000000000e+05 6.890000000000000000e+02
3.790810000000000000e+05 7.610000000000000000e+02
3.791810000000000000e+05 7.300000000000000000e+02
3.792810000000000000e+05 7.920000000000000000e+02
3.793810000000000000e+05 7.160000000000000000e+02
3.794810000000000000e+05 8.160000000000000000e+02
3.795810000000000000e+05 7.630000000000000000e+02
3.796810000000000000e+05 7.990000000000000000e+02
3.797810000000000000e+05 7.590000000000000000e+02
3.798810000000000000e+05 8.190000000000000000e+02
3.799810000000000000e+05 7.900000000000000000e+02
3.800810000000000000e+05 8.470000000000000000e+02
3.801810000000000000e+05 8.090000000000000000e+02
3.802810000000000000e+05 8.070000000000000000e+02
3.803810000000000000e+05 8.640000000000000000e+02
3.804810000000000000e+05 8.090000000000000000e+02
3.805810000000000000e+05 8.580000000000000000e+02
3.806810000000000000e+05 7.680000000000000000e+02
3.807810000000000000e+05 7.110000000000000000e+02
3.808810000000000000e+05 7.040000000000000000e+02
3.809810000000000000e+05 7.360000000000000000e+02
3.810810000000000000e+05 7.620000000000000000e+02
3.811810000000000000e+05 8.220000000000000000e+02
3.812810000000000000e+05 8.390000000000000000e+02
3.813810000000000000e+05 8.560000000000000000e+02
3.814810000000000000e+05 9.090000000000000000e+02
3.815810000000000000e+05 8.280000000000000000e+02
3.816810000000000000e+05 8.160000000000000000e+02
3.817810000000000000e+05 8.510000000000000000e+02
3.818810000000000000e+05 8.000000000000000000e+02
3.819810000000000000e+05 7.370000000000000000e+02
3.820810000000000000e+05 7.620000000000000000e+02
3.821810000000000000e+05 7.860000000000000000e+02
3.822810000000000000e+05 7.900000000000000000e+02
3.823810000000000000e+05 8.830000000000000000e+02
3.824810000000000000e+05 7.840000000000000000e+02
3.825810000000000000e+05 7.670000000000000000e+02
3.826810000000000000e+05 8.160000000000000000e+02
3.827810000000000000e+05 8.520000000000000000e+02
3.828810000000000000e+05 8.130000000000000000e+02
3.829810000000000000e+05 8.700000000000000000e+02
3.830810000000000000e+05 8.260000000000000000e+02
3.831810000000000000e+05 8.340000000000000000e+02
3.832810000000000000e+05 8.630000000000000000e+02
3.833810000000000000e+05 7.900000000000000000e+02
3.834810000000000000e+05 7.900000000000000000e+02
3.835810000000000000e+05 7.620000000000000000e+02
3.836810000000000000e+05 8.070000000000000000e+02
3.837810000000000000e+05 8.410000000000000000e+02
3.838810000000000000e+05 7.350000000000000000e+02
3.839810000000000000e+05 8.630000000000000000e+02
3.840810000000000000e+05 7.880000000000000000e+02
3.841810000000000000e+05 8.180000000000000000e+02
3.842810000000000000e+05 8.500000000000000000e+02
3.843810000000000000e+05 8.900000000000000000e+02
3.844810000000000000e+05 8.290000000000000000e+02
3.845810000000000000e+05 9.160000000000000000e+02
3.846810000000000000e+05 1.054000000000000000e+03
3.847810000000000000e+05 1.697000000000000000e+03
3.848810000000000000e+05 3.755000000000000000e+03
3.849810000000000000e+05 7.892000000000000000e+03
3.850810000000000000e+05 4.544000000000000000e+03
3.851810000000000000e+05 1.575000000000000000e+03
3.852810000000000000e+05 1.348000000000000000e+03
3.853810000000000000e+05 8.600000000000000000e+02
3.854810000000000000e+05 8.640000000000000000e+02
3.855810000000000000e+05 7.860000000000000000e+02
3.856810000000000000e+05 7.520000000000000000e+02
3.857810000000000000e+05 7.790000000000000000e+02
3.858810000000000000e+05 7.080000000000000000e+02
3.859810000000000000e+05 7.380000000000000000e+02
3.860810000000000000e+05 7.770000000000000000e+02
3.861810000000000000e+05 7.980000000000000000e+02
3.862810000000000000e+05 8.230000000000000000e+02
3.863810000000000000e+05 8.440000000000000000e+02
3.864810000000000000e+05 8.080000000000000000e+02
3.865810000000000000e+05 7.340000000000000000e+02
3.866810000000000000e+05 8.240000000000000000e+02
3.867810000000000000e+05 7.420000000000000000e+02
3.868810000000000000e+05 8.400000000000000000e+02
3.869810000000000000e+05 6.840000000000000000e+02
3.870810000000000000e+05 8.030000000000000000e+02
3.871810000000000000e+05 8.330000000000000000e+02
3.872810000000000000e+05 8.690000000000000000e+02
3.873810000000000000e+05 8.660000000000000000e+02
3.874810000000000000e+05 8.810000000000000000e+02
3.875810000000000000e+05 7.890000000000000000e+02
3.876810000000000000e+05 8.310000000000000000e+02
3.877810000000000000e+05 7.170000000000000000e+02
3.878810000000000000e+05 8.200000000000000000e+02
3.879810000000000000e+05 7.800000000000000000e+02
3.880810000000000000e+05 8.560000000000000000e+02
3.881810000000000000e+05 7.700000000000000000e+02
3.882810000000000000e+05 8.350000000000000000e+02
3.883810000000000000e+05 8.000000000000000000e+02
3.884810000000000000e+05 8.700000000000000000e+02
3.885810000000000000e+05 8.540000000000000000e+02
3.886810000000000000e+05 8.010000000000000000e+02
3.887810000000000000e+05 8.180000000000000000e+02
3.888810000000000000e+05 8.830000000000000000e+02
3.889810000000000000e+05 8.230000000000000000e+02
3.890810000000000000e+05 8.950000000000000000e+02
3.891810000000000000e+05 8.640000000000000000e+02
3.892810000000000000e+05 7.790000000000000000e+02
3.893810000000000000e+05 7.630000000000000000e+02
3.894810000000000000e+05 7.570000000000000000e+02
3.895810000000000000e+05 8.110000000000000000e+02
3.896810000000000000e+05 8.610000000000000000e+02
3.897810000000000000e+05 7.720000000000000000e+02
3.898810000000000000e+05 7.720000000000000000e+02
3.899810000000000000e+05 8.250000000000000000e+02
3.900810000000000000e+05 8.230000000000000000e+02
3.901810000000000000e+05 7.980000000000000000e+02
3.902810000000000000e+05 8.210000000000000000e+02
3.903810000000000000e+05 8.710000000000000000e+02
3.904810000000000000e+05 8.380000000000000000e+02
3.905810000000000000e+05 8.500000000000000000e+02
3.906810000000000000e+05 7.950000000000000000e+02
3.907810000000000000e+05 7.020000000000000000e+02
3.908810000000000000e+05 7.440000000000000000e+02
3.909810000000000000e+05 7.960000000000000000e+02
3.910810000000000000e+05 7.980000000000000000e+02
3.911810000000000000e+05 7.780000000000000000e+02
3.912810000000000000e+05 8.250000000000000000e+02
3.913810000000000000e+05 8.220000000000000000e+02
3.914810000000000000e+05 8.100000000000000000e+02
3.915810000000000000e+05 7.720000000000000000e+02
3.916810000000000000e+05 8.490000000000000000e+02
3.917810000000000000e+05 7.840000000000000000e+02
3.918810000000000000e+05 7.830000000000000000e+02
3.919810000000000000e+05 7.450000000000000000e+02
3.920810000000000000e+05 8.240000000000000000e+02
3.921810000000000000e+05 8.750000000000000000e+02
3.922810000000000000e+05 7.360000000000000000e+02
3.923810000000000000e+05 7.630000000000000000e+02
3.924810000000000000e+05 8.400000000000000000e+02
3.925810000000000000e+05 8.140000000000000000e+02
3.926810000000000000e+05 7.360000000000000000e+02
3.927810000000000000e+05 8.490000000000000000e+02
3.928810000000000000e+05 8.320000000000000000e+02
3.929810000000000000e+05 7.750000000000000000e+02
3.930810000000000000e+05 8.340000000000000000e+02
3.931810000000000000e+05 7.750000000000000000e+02
3.932810000000000000e+05 7.980000000000000000e+02
3.933810000000000000e+05 8.290000000000000000e+02
3.934810000000000000e+05 8.640000000000000000e+02
3.935810000000000000e+05 7.160000000000000000e+02
3.936810000000000000e+05 7.380000000000000000e+02
3.937810000000000000e+05 7.660000000000000000e+02
3.938810000000000000e+05 8.570000000000000000e+02
3.939810000000000000e+05 7.050000000000000000e+02
3.940810000000000000e+05 7.860000000000000000e+02
3.941810000000000000e+05 8.640000000000000000e+02
3.942810000000000000e+05 7.220000000000000000e+02
3.943810000000000000e+05 7.470000000000000000e+02
3.944810000000000000e+05 8.310000000000000000e+02
3.945810000000000000e+05 8.050000000000000000e+02
3.946810000000000000e+05 7.980000000000000000e+02
3.947810000000000000e+05 8.370000000000000000e+02
3.948810000000000000e+05 7.170000000000000000e+02
3.949810000000000000e+05 8.030000000000000000e+02
3.950810000000000000e+05 8.100000000000000000e+02
3.951810000000000000e+05 8.210000000000000000e+02
3.952810000000000000e+05 7.920000000000000000e+02
3.953810000000000000e+05 7.890000000000000000e+02
3.954810000000000000e+05 8.030000000000000000e+02
3.955810000000000000e+05 8.370000000000000000e+02
3.956810000000000000e+05 8.540000000000000000e+02
3.957810000000000000e+05 8.390000000000000000e+02
3.958810000000000000e+05 7.900000000000000000e+02
3.959810000000000000e+05 8.210000000000000000e+02
3.960810000000000000e+05 7.730000000000000000e+02
3.961810000000000000e+05 8.260000000000000000e+02
3.962810000000000000e+05 8.510000000000000000e+02
3.963810000000000000e+05 8.060000000000000000e+02
3.964810000000000000e+05 8.400000000000000000e+02
3.965810000000000000e+05 7.990000000000000000e+02
3.966810000000000000e+05 7.570000000000000000e+02
3.967810000000000000e+05 8.380000000000000000e+02
3.968810000000000000e+05 8.220000000000000000e+02
