3.709960000000000000e+05 6.176000000000000000e+03
3.710460000000000000e+05 6.584000000000000000e+03
3.710960000000000000e+05 6.258000000000000000e+03
3.711460000000000000e+05 6.152000000000000000e+03
3.711960000000000000e+05 6.270000000000000000e+03
3.712460000000000000e+05 6.153000000000000000e+03
3.712960000000000000e+05 6.459000000000000000e+03
3.713460000000000000e+05 6.457000000000000000e+03
3.713960000000000000e+05 6.642000000000000000e+03
3.714460000000000000e+05 8.505000000000000000e+03
3.714960000000000000e+05 9.869000000000000000e+03
3.715460000000000000e+05 1.392600000000000000e+04
3.715960000000000000e+05 4.032100000000000000e+04
3.716460000000000000e+05 4.399900000000000000e+04
3.716960000000000000e+05 5.486500000000000000e+04
3.717460000000000000e+05 8.019500000000000000e+04
3.717960000000000000e+05 9.152800000000000000e+04
3.718460000000000000e+05 8.288100000000000000e+04
3.718960000000000000e+05 4.756200000000000000e+04
3.719460000000000000e+05 4.239500000000000000e+04
3.719960000000000000e+05 4.187700000000000000e+04
3.720460000000000000e+05 4.102300000000000000e+04
3.720960000000000000e+05 1.515300000000000000e+04
3.721460000000000000e+05 7.299000000000000000e+03
3.721960000000000000e+05 7.000000000000000000e+03
3.722460000000000000e+05 6.590000000000000000e+03
3.722960000000000000e+05 6.462000000000000000e+03
3.723460000000000000e+05 6.414000000000000000e+03
3.723960000000000000e+05 6.343000000000000000e+03
3.724460000000000000e+05 6.090000000000000000e+03
3.724960000000000000e+05 6.492000000000000000e+03
3.725460000000000000e+05 6.576000000000000000e+03
3.725960000000000000e+05 6.326000000000000000e+03
3.726460000000000000e+05 6.478000000000000000e+03
3.726960000000000000e+05 6.537000000000000000e+03
3.727460000000000000e+05 6.517000000000000000e+03
3.727960000000000000e+05 6.563000000000000000e+03
3.728460000000000000e+05 6.356000000000000000e+03
3.728960000000000000e+05 6.323000000000000000e+03
3.729460000000000000e+05 6.398000000000000000e+03
3.729960000000000000e+05 6.238000000000000000e+03
3.730460000000000000e+05 6.220000000000000000e+03
3.730960000000000000e+05 6.379000000000000000e+03
3.731460000000000000e+05 6.402000000000000000e+03
3.731960000000000000e+05 6.575000000000000000e+03
3.732460000000000000e+05 6.511000000000000000e+03
3.732960000000000000e+05 6.941000000000000000e+03
3.733460000000000000e+05 6.734000000000000000e+03
3.733960000000000000e+05 6.694000000000000000e+03
3.734460000000000000e+05 6.549000000000000000e+03
3.734960000000000000e+05 6.784000000000000000e+03
3.735460000000000000e+05 6.700000000000000000e+03
3.735960000000000000e+05 6.747000000000000000e+03
3.736460000000000000e+05 6.507000000000000000e+03
3.736960000000000000e+05 6.403000000000000000e+03
3.737460000000000000e+05 6.429000000000000000e+03
3.737960000000000000e+05 6.867000000000000000e+03
3.738460000000000000e+05 6.450000000000000000e+03
3.738960000000000000e+05 6.833000000000000000e+03
3.739460000000000000e+05 6.683000000000000000e+03
3.739960000000000000e+05 6.629000000000000000e+03
3.740460000000000000e+05 6.604000000000000000e+03
3.740960000000000000e+05 6.895000000000000000e+03
3.741460000000000000e+05 6.960000000000000000e+03
3.741960000000000000e+05 6.843000000000000000e+03
3.742460000000000000e+05 7.105000000000000000e+03
3.742960000000000000e+05 6.673000000000000000e+03
3.743460000000000000e+05 6.745000000000000000e+03
3.743960000000000000e+05 7.072000000000000000e+03
3.744460000000000000e+05 7.271000000000000000e+03
3.744960000000000000e+05 7.057000000000000000e+03
3.745460000000000000e+05 7.917000000000000000e+03
3.745960000000000000e+05 7.831000000000000000e+03
3.746460000000000000e+05 7.685000000000000000e+03
3.746960000000000000e+05 7.831000000000000000e+03
3.747460000000000000e+05 7.110000000000000000e+03
3.747960000000000000e+05 7.044000000000000000e+03
3.748460000000000000e+05 6.774000000000000000e+03
3.748960000000000000e+05 6.898000000000000000e+03
3.749460000000000000e+05 6.671000000000000000e+03
3.749960000000000000e+05 6.213000000000000000e+03
3.750460000000000000e+05 6.458000000000000000e+03
3.750960000000000000e+05 6.517000000000000000e+03
3.751460000000000000e+05 6.295000000000000000e+03
3.751960000000000000e+05 6.426000000000000000e+03
3.752460000000000000e+05 6.062000000000000000e+03
3.752960000000000000e+05 6.371000000000000000e+03
3.753460000000000000e+05 6.618000000000000000e+03
3.753960000000000000e+05 6.350000000000000000e+03
3.754460000000000000e+05 6.243000000000000000e+03
3.754960000000000000e+05 6.214000000000000000e+03
3.755460000000000000e+05 6.093000000000000000e+03
3.755960000000000000e+05 6.381000000000000000e+03
3.756460000000000000e+05 6.381000000000000000e+03
3.756960000000000000e+05 6.194000000000000000e+03
3.757460000000000000e+05 5.990000000000000000e+03
3.757960000000000000e+05 6.388000000000000000e+03
3.758460000000000000e+05 6.393000000000000000e+03
3.758960000000000000e+05 6.163000000000000000e+03
3.759460000000000000e+05 6.468000000000000000e+03
3.759960000000000000e+05 6.234000000000000000e+03
3.760460000000000000e+05 6.147000000000000000e+03
3.760960000000000000e+05 6.241000000000000000e+03
3.761460000000000000e+05 6.347000000000000000e+03
3.761960000000000000e+05 6.346000000000000000e+03
3.762460000000000000e+05 6.267000000000000000e+03
3.762960000000000000e+05 6.030000000000000000e+03
3.763460000000000000e+05 6.327000000000000000e+03
3.763960000000000000e+05 6.264000000000000000e+03
3.764460000000000000e+05 6.281000000000000000e+03
3.764960000000000000e+05 6.381000000000000000e+03
3.765460000000000000e+05 6.409000000000000000e+03
3.765960000000000000e+05 6.505000000000000000e+03
3.766460000000000000e+05 6.982000000000000000e+03
3.766960000000000000e+05 6.634000000000000000e+03
3.767460000000000000e+05 6.972000000000000000e+03
3.767960000000000000e+05 7.514000000000000000e+03
3.768460000000000000e+05 8.413000000000000000e+03
3.768960000000000000e+05 8.811000000000000000e+03
3.769460000000000000e+05 8.611000000000000000e+03
3.769960000000000000e+05 8.814000000000000000e+03
3.770460000000000000e+05 8.486000000000000000e+03
3.770960000000000000e+05 8.433000000000000000e+03
3.771460000000000000e+05 7.735000000000000000e+03
3.771960000000000000e+05 7.125000000000000000e+03
3.772460000000000000e+05 7.176000000000000000e+03
3.772960000000000000e+05 6.299000000000000000e+03
3.773460000000000000e+05 6.441000000000000000e+03
3.773960000000000000e+05 6.320000000000000000e+03
3.774460000000000000e+05 6.103000000000000000e+03
3.774960000000000000e+05 6.164000000000000000e+03
3.775460000000000000e+05 6.244000000000000000e+03
3.775960000000000000e+05 6.074000000000000000e+03
3.776460000000000000e+05 5.878000000000000000e+03
3.776960000000000000e+05 6.093000000000000000e+03
3.777460000000000000e+05 6.438000000000000000e+03
3.777960000000000000e+05 6.102000000000000000e+03
3.778460000000000000e+05 6.563000000000000000e+03
3.778960000000000000e+05 6.120000000000000000e+03
3.779460000000000000e+05 6.203000000000000000e+03
3.779960000000000000e+05 6.155000000000000000e+03
3.780460000000000000e+05 6.291000000000000000e+03
3.780960000000000000e+05 6.544000000000000000e+03
3.781460000000000000e+05 5.970000000000000000e+03
3.781960000000000000e+05 6.374000000000000000e+03
3.782460000000000000e+05 6.305000000000000000e+03
3.782960000000000000e+05 6.187000000000000000e+03
3.783460000000000000e+05 6.181000000000000000e+03
3.783960000000000000e+05 6.254000000000000000e+03
3.784460000000000000e+05 6.247000000000000000e+03
3.784960000000000000e+05 6.242000000000000000e+03
3.785460000000000000e+05 6.114000000000000000e+03
3.785960000000000000e+05 6.205000000000000000e+03
3.786460000000000000e+05 5.871000000000000000e+03
3.786960000000000000e+05 6.127000000000000000e+03
3.787460000000000000e+05 6.311000000000000000e+03
3.787960000000000000e+05 6.124000000000000000e+03
3.788460000000000000e+05 6.388000000000000000e+03
3.788960000000000000e+05 6.405000000000000000e+03
3.789460000000000000e+05 6.608000000000000000e+03
3.789960000000000000e+05 7.009000000000000000e+03
3.790460000000000000e+05 7.453000000000000000e+03
3.790960000000000000e+05 8.406000000000000000e+03
3.791460000000000000e+05 9.142000000000000000e+03
3.791960000000000000e+05 9.282000000000000000e+03
3.792460000000000000e+05 8.656000000000000000e+03
3.792960000000000000e+05 8.468000000000000000e+03
3.793460000000000000e+05 7.445000000000000000e+03
3.793960000000000000e+05 7.205000000000000000e+03
3.794460000000000000e+05 6.921000000000000000e+03
3.794960000000000000e+05 6.664000000000000000e+03
3.795460000000000000e+05 6.223000000000000000e+03
3.795960000000000000e+05 6.296000000000000000e+03
3.796460000000000000e+05 5.807000000000000000e+03
3.796960000000000000e+05 6.279000000000000000e+03
3.797460000000000000e+05 6.378000000000000000e+03
3.797960000000000000e+05 6.059000000000000000e+03
3.798460000000000000e+05 6.388000000000000000e+03
3.798960000000000000e+05 6.461000000000000000e+03
3.799460000000000000e+05 6.200000000000000000e+03
3.799960000000000000e+05 6.263000000000000000e+03
3.800460000000000000e+05 6.619000000000000000e+03
3.800960000000000000e+05 6.687000000000000000e+03
3.801460000000000000e+05 6.555000000000000000e+03
3.801960000000000000e+05 6.205000000000000000e+03
3.802460000000000000e+05 6.218000000000000000e+03
3.802960000000000000e+05 6.397000000000000000e+03
3.803460000000000000e+05 6.224000000000000000e+03
3.803960000000000000e+05 6.394000000000000000e+03
3.804460000000000000e+05 6.246000000000000000e+03
3.804960000000000000e+05 6.053000000000000000e+03
3.805460000000000000e+05 5.705000000000000000e+03
3.805960000000000000e+05 6.335000000000000000e+03
3.806460000000000000e+05 6.044000000000000000e+03
3.806960000000000000e+05 6.294000000000000000e+03
3.807460000000000000e+05 6.065000000000000000e+03
3.807960000000000000e+05 6.514000000000000000e+03
3.808460000000000000e+05 6.058000000000000000e+03
3.808960000000000000e+05 5.942000000000000000e+03
3.809460000000000000e+05 5.976000000000000000e+03
3.809960000000000000e+05 6.315000000000000000e+03
3.810460000000000000e+05 6.185000000000000000e+03
3.810960000000000000e+05 6.277000000000000000e+03
3.811460000000000000e+05 6.167000000000000000e+03
3.811960000000000000e+05 6.256000000000000000e+03
3.812460000000000000e+05 6.182000000000000000e+03
3.812960000000000000e+05 6.321000000000000000e+03
3.813460000000000000e+05 6.284000000000000000e+03
3.813960000000000000e+05 6.187000000000000000e+03
3.814460000000000000e+05 6.218000000000000000e+03
3.814960000000000000e+05 6.315000000000000000e+03
3.815460000000000000e+05 6.122000000000000000e+03
3.815960000000000000e+05 5.839000000000000000e+03
3.816460000000000000e+05 6.292000000000000000e+03
3.816960000000000000e+05 6.159000000000000000e+03
3.817460000000000000e+05 5.744000000000000000e+03
3.817960000000000000e+05 6.102000000000000000e+03
3.818460000000000000e+05 5.981000000000000000e+03
3.818960000000000000e+05 6.123000000000000000e+03
3.819460000000000000e+05 6.166000000000000000e+03
3.819960000000000000e+05 5.925000000000000000e+03
3.820460000000000000e+05 5.884000000000000000e+03
3.820960000000000000e+05 6.101000000000000000e+03
3.821460000000000000e+05 6.127000000000000000e+03
3.821960000000000000e+05 6.166000000000000000e+03
3.822460000000000000e+05 6.009000000000000000e+03
3.822960000000000000e+05 6.084000000000000000e+03
3.823460000000000000e+05 6.019000000000000000e+03
3.823960000000000000e+05 5.911000000000000000e+03
3.824460000000000000e+05 6.199000000000000000e+03
3.824960000000000000e+05 6.480000000000000000e+03
3.825460000000000000e+05 6.145000000000000000e+03
3.825960000000000000e+05 5.996000000000000000e+03
3.826460000000000000e+05 6.264000000000000000e+03
3.826960000000000000e+05 6.213000000000000000e+03
3.827460000000000000e+05 6.308000000000000000e+03
3.827960000000000000e+05 6.385000000000000000e+03
3.828460000000000000e+05 6.308000000000000000e+03
3.828960000000000000e+05 6.167000000000000000e+03
3.829460000000000000e+05 6.136000000000000000e+03
3.829960000000000000e+05 6.257000000000000000e+03
3.830460000000000000e+05 6.195000000000000000e+03
3.830960000000000000e+05 6.288000000000000000e+03
3.831460000000000000e+05 6.306000000000000000e+03
3.831960000000000000e+05 6.045000000000000000e+03
3.832460000000000000e+05 6.237000000000000000e+03
3.832960000000000000e+05 6.162000000000000000e+03
3.833460000000000000e+05 5.972000000000000000e+03
3.833960000000000000e+05 5.979000000000000000e+03
3.834460000000000000e+05 6.385000000000000000e+03
3.834960000000000000e+05 6.182000000000000000e+03
3.835460000000000000e+05 6.378000000000000000e+03
3.835960000000000000e+05 6.131000000000000000e+03
3.836460000000000000e+05 6.108000000000000000e+03
3.836960000000000000e+05 6.358000000000000000e+03
3.837460000000000000e+05 5.930000000000000000e+03
3.837960000000000000e+05 6.262000000000000000e+03
3.838460000000000000e+05 6.146000000000000000e+03
3.838960000000000000e+05 6.082000000000000000e+03
3.839460000000000000e+05 6.279000000000000000e+03
