3.848810000000000000e+05 9.130000000000000000e+02
3.849810000000000000e+05 8.680000000000000000e+02
3.850810000000000000e+05 8.600000000000000000e+02
3.851810000000000000e+05 9.050000000000000000e+02
3.852810000000000000e+05 9.230000000000000000e+02
3.853810000000000000e+05 8.010000000000000000e+02
3.854810000000000000e+05 8.310000000000000000e+02
3.855810000000000000e+05 9.220000000000000000e+02
3.856810000000000000e+05 7.900000000000000000e+02
3.857810000000000000e+05 8.720000000000000000e+02
3.858810000000000000e+05 8.480000000000000000e+02
3.859810000000000000e+05 9.000000000000000000e+02
3.860810000000000000e+05 8.260000000000000000e+02
3.861810000000000000e+05 9.090000000000000000e+02
3.862810000000000000e+05 8.900000000000000000e+02
3.863810000000000000e+05 8.330000000000000000e+02
3.864810000000000000e+05 8.350000000000000000e+02
3.865810000000000000e+05 9.110000000000000000e+02
3.866810000000000000e+05 8.350000000000000000e+02
3.867810000000000000e+05 8.560000000000000000e+02
