3.741310000000000000e+05 5.412000000000000000e+03
3.741810000000000000e+05 5.550000000000000000e+03
3.742310000000000000e+05 5.373000000000000000e+03
3.742810000000000000e+05 5.664000000000000000e+03
3.743310000000000000e+05 6.128000000000000000e+03
3.743810000000000000e+05 7.388000000000000000e+03
3.744310000000000000e+05 6.997000000000000000e+03
3.744810000000000000e+05 6.404000000000000000e+03
3.745310000000000000e+05 5.771000000000000000e+03
3.745810000000000000e+05 5.771000000000000000e+03
3.746310000000000000e+05 5.867000000000000000e+03
3.746810000000000000e+05 5.655000000000000000e+03
3.747310000000000000e+05 5.882000000000000000e+03
3.747810000000000000e+05 6.084000000000000000e+03
3.748310000000000000e+05 5.864000000000000000e+03
3.748810000000000000e+05 5.882000000000000000e+03
3.749310000000000000e+05 5.887000000000000000e+03
3.749810000000000000e+05 5.962000000000000000e+03
3.750310000000000000e+05 5.961000000000000000e+03
3.750810000000000000e+05 5.803000000000000000e+03
3.751310000000000000e+05 5.745000000000000000e+03
3.751810000000000000e+05 5.787000000000000000e+03
3.752310000000000000e+05 5.934000000000000000e+03
3.752810000000000000e+05 5.778000000000000000e+03
3.753310000000000000e+05 5.842000000000000000e+03
3.753810000000000000e+05 5.943000000000000000e+03
3.754310000000000000e+05 5.965000000000000000e+03
3.754810000000000000e+05 5.821000000000000000e+03
3.755310000000000000e+05 5.701000000000000000e+03
3.755810000000000000e+05 5.686000000000000000e+03
3.756310000000000000e+05 5.856000000000000000e+03
3.756810000000000000e+05 5.956000000000000000e+03
3.757310000000000000e+05 5.761000000000000000e+03
3.757810000000000000e+05 5.619000000000000000e+03
3.758310000000000000e+05 5.869000000000000000e+03
3.758810000000000000e+05 5.801000000000000000e+03
3.759310000000000000e+05 5.617000000000000000e+03
3.759810000000000000e+05 5.820000000000000000e+03
3.760310000000000000e+05 5.730000000000000000e+03
3.760810000000000000e+05 5.779000000000000000e+03
3.761310000000000000e+05 5.699000000000000000e+03
3.761810000000000000e+05 5.733000000000000000e+03
3.762310000000000000e+05 5.796000000000000000e+03
3.762810000000000000e+05 5.817000000000000000e+03
3.763310000000000000e+05 5.734000000000000000e+03
3.763810000000000000e+05 5.783000000000000000e+03
3.764310000000000000e+05 5.680000000000000000e+03
3.764810000000000000e+05 5.842000000000000000e+03
3.765310000000000000e+05 5.702000000000000000e+03
3.765810000000000000e+05 5.903000000000000000e+03
3.766310000000000000e+05 5.838000000000000000e+03
3.766810000000000000e+05 6.073000000000000000e+03
3.767310000000000000e+05 6.033000000000000000e+03
3.767810000000000000e+05 5.952000000000000000e+03
3.768310000000000000e+05 5.971000000000000000e+03
3.768810000000000000e+05 6.110000000000000000e+03
3.769310000000000000e+05 5.903000000000000000e+03
3.769810000000000000e+05 6.011000000000000000e+03
3.770310000000000000e+05 6.037000000000000000e+03
3.770810000000000000e+05 6.132000000000000000e+03
3.771310000000000000e+05 6.039000000000000000e+03
3.771810000000000000e+05 5.910000000000000000e+03
3.772310000000000000e+05 5.865000000000000000e+03
3.772810000000000000e+05 5.951000000000000000e+03
3.773310000000000000e+05 6.113000000000000000e+03
3.773810000000000000e+05 6.042000000000000000e+03
3.774310000000000000e+05 5.858000000000000000e+03
3.774810000000000000e+05 6.260000000000000000e+03
3.775310000000000000e+05 5.862000000000000000e+03
3.775810000000000000e+05 5.915000000000000000e+03
3.776310000000000000e+05 6.008000000000000000e+03
3.776810000000000000e+05 6.108000000000000000e+03
3.777310000000000000e+05 6.063000000000000000e+03
3.777810000000000000e+05 5.993000000000000000e+03
3.778310000000000000e+05 5.859000000000000000e+03
3.778810000000000000e+05 6.036000000000000000e+03
3.779310000000000000e+05 5.967000000000000000e+03
3.779810000000000000e+05 6.041000000000000000e+03
3.780310000000000000e+05 5.960000000000000000e+03
3.780810000000000000e+05 6.075000000000000000e+03
3.781310000000000000e+05 6.008000000000000000e+03
3.781810000000000000e+05 5.998000000000000000e+03
3.782310000000000000e+05 6.004000000000000000e+03
3.782810000000000000e+05 5.936000000000000000e+03
3.783310000000000000e+05 6.038000000000000000e+03
3.783810000000000000e+05 6.008000000000000000e+03
3.784310000000000000e+05 5.888000000000000000e+03
3.784810000000000000e+05 5.945000000000000000e+03
3.785310000000000000e+05 6.185000000000000000e+03
3.785810000000000000e+05 6.046000000000000000e+03
3.786310000000000000e+05 6.088000000000000000e+03
3.786810000000000000e+05 6.018000000000000000e+03
3.787310000000000000e+05 5.942000000000000000e+03
3.787810000000000000e+05 6.019000000000000000e+03
3.788310000000000000e+05 5.835000000000000000e+03
3.788810000000000000e+05 5.907000000000000000e+03
3.789310000000000000e+05 6.036000000000000000e+03
3.789810000000000000e+05 6.019000000000000000e+03
3.790310000000000000e+05 5.794000000000000000e+03
3.790810000000000000e+05 6.146000000000000000e+03
3.791310000000000000e+05 5.928000000000000000e+03
3.791810000000000000e+05 6.031000000000000000e+03
3.792310000000000000e+05 6.080000000000000000e+03
3.792810000000000000e+05 6.059000000000000000e+03
3.793310000000000000e+05 6.076000000000000000e+03
3.793810000000000000e+05 5.990000000000000000e+03
3.794310000000000000e+05 5.908000000000000000e+03
3.794810000000000000e+05 6.018000000000000000e+03
3.795310000000000000e+05 5.979000000000000000e+03
3.795810000000000000e+05 6.131000000000000000e+03
3.796310000000000000e+05 5.979000000000000000e+03
3.796810000000000000e+05 5.917000000000000000e+03
3.797310000000000000e+05 6.059000000000000000e+03
3.797810000000000000e+05 5.989000000000000000e+03
3.798310000000000000e+05 6.114000000000000000e+03
3.798810000000000000e+05 5.939000000000000000e+03
3.799310000000000000e+05 5.995000000000000000e+03
3.799810000000000000e+05 5.810000000000000000e+03
3.800310000000000000e+05 5.921000000000000000e+03
3.800810000000000000e+05 6.109000000000000000e+03
3.801310000000000000e+05 5.932000000000000000e+03
3.801810000000000000e+05 6.005000000000000000e+03
3.802310000000000000e+05 6.080000000000000000e+03
3.802810000000000000e+05 5.964000000000000000e+03
3.803310000000000000e+05 6.032000000000000000e+03
3.803810000000000000e+05 6.020000000000000000e+03
3.804310000000000000e+05 6.112000000000000000e+03
3.804810000000000000e+05 6.062000000000000000e+03
3.805310000000000000e+05 5.970000000000000000e+03
3.805810000000000000e+05 6.107000000000000000e+03
3.806310000000000000e+05 5.864000000000000000e+03
3.806810000000000000e+05 6.071000000000000000e+03
3.807310000000000000e+05 5.937000000000000000e+03
3.807810000000000000e+05 5.807000000000000000e+03
3.808310000000000000e+05 6.030000000000000000e+03
3.808810000000000000e+05 6.008000000000000000e+03
3.809310000000000000e+05 5.849000000000000000e+03
3.809810000000000000e+05 6.070000000000000000e+03
3.810310000000000000e+05 6.137000000000000000e+03
3.810810000000000000e+05 6.040000000000000000e+03
3.811310000000000000e+05 5.917000000000000000e+03
3.811810000000000000e+05 5.971000000000000000e+03
3.812310000000000000e+05 5.964000000000000000e+03
3.812810000000000000e+05 5.960000000000000000e+03
3.813310000000000000e+05 5.982000000000000000e+03
3.813810000000000000e+05 5.996000000000000000e+03
3.814310000000000000e+05 5.983000000000000000e+03
3.814810000000000000e+05 6.071000000000000000e+03
3.815310000000000000e+05 6.105000000000000000e+03
3.815810000000000000e+05 5.940000000000000000e+03
3.816310000000000000e+05 5.981000000000000000e+03
3.816810000000000000e+05 5.901000000000000000e+03
3.817310000000000000e+05 6.101000000000000000e+03
3.817810000000000000e+05 5.908000000000000000e+03
3.818310000000000000e+05 5.983000000000000000e+03
3.818810000000000000e+05 6.126000000000000000e+03
3.819310000000000000e+05 6.112000000000000000e+03
3.819810000000000000e+05 6.054000000000000000e+03
3.820310000000000000e+05 6.147000000000000000e+03
3.820810000000000000e+05 6.035000000000000000e+03
