0.000000000000000000e+00 5.085138000000000000e+06 5.000120000000000000e+05
1.000000000000000000e+00 5.565323000000000000e+06 5.000120000000000000e+05
2.000000000000000000e+00 5.897016000000000000e+06 5.000120000000000000e+05
3.000000000000000000e+00 5.211452000000000000e+06 5.000080000000000000e+05
4.000000000000000000e+00 4.661733000000000000e+06 5.000080000000000000e+05
5.000000000000000000e+00 4.840243000000000000e+06 5.000120000000000000e+05
6.000000000000000000e+00 5.151009000000000000e+06 5.000080000000000000e+05
7.000000000000000000e+00 5.361687000000000000e+06 5.000120000000000000e+05
8.000000000000000000e+00 4.608957000000000000e+06 5.000080000000000000e+05
9.000000000000000000e+00 4.109096000000000000e+06 5.000080000000000000e+05
