4.000000000000000000e+01 5.162800000000000000e+04 5.000080000000000000e+05
4.100000000000000000e+01 5.019700000000000000e+04 5.000120000000000000e+05
4.200000000000000000e+01 4.661700000000000000e+04 5.000080000000000000e+05
4.300000000000000000e+01 4.318800000000000000e+04 5.000080000000000000e+05
4.400000000000000000e+01 4.729400000000000000e+04 5.000080000000000000e+05
4.500000000000000000e+01 5.094800000000000000e+04 5.000080000000000000e+05
4.600000000000000000e+01 4.944200000000000000e+04 5.000080000000000000e+05
4.700000000000000000e+01 4.304100000000000000e+04 5.000080000000000000e+05
4.800000000000000000e+01 4.055400000000000000e+04 5.000120000000000000e+05
4.900000000000000000e+01 4.215800000000000000e+04 5.000080000000000000e+05
5.000000000000000000e+01 4.192700000000000000e+04 5.000120000000000000e+05
5.100000000000000000e+01 4.720500000000000000e+04 5.000080000000000000e+05
5.200000000000000000e+01 4.374000000000000000e+04 5.000120000000000000e+05
5.300000000000000000e+01 4.112600000000000000e+04 5.000080000000000000e+05
5.400000000000000000e+01 4.156500000000000000e+04 5.000120000000000000e+05
5.500000000000000000e+01 3.826200000000000000e+04 5.000080000000000000e+05
5.600000000000000000e+01 3.864200000000000000e+04 5.000080000000000000e+05
5.700000000000000000e+01 3.638900000000000000e+04 5.000080000000000000e+05
5.800000000000000000e+01 3.894600000000000000e+04 5.000120000000000000e+05
5.900000000000000000e+01 3.680000000000000000e+04 5.000080000000000000e+05
6.000000000000000000e+01 3.671500000000000000e+04 5.000080000000000000e+05
6.100000000000000000e+01 3.512800000000000000e+04 5.000080000000000000e+05
6.200000000000000000e+01 3.703800000000000000e+04 5.000120000000000000e+05
6.300000000000000000e+01 3.648500000000000000e+04 5.000120000000000000e+05
6.400000000000000000e+01 3.651100000000000000e+04 5.000080000000000000e+05
6.500000000000000000e+01 3.943000000000000000e+04 5.000120000000000000e+05
6.600000000000000000e+01 3.813500000000000000e+04 5.000080000000000000e+05
6.700000000000000000e+01 3.755500000000000000e+04 5.000120000000000000e+05
6.800000000000000000e+01 3.881800000000000000e+04 5.000120000000000000e+05
6.900000000000000000e+01 4.102900000000000000e+04 5.000080000000000000e+05
7.000000000000000000e+01 4.056300000000000000e+04 5.000120000000000000e+05
7.100000000000000000e+01 4.486100000000000000e+04 5.000120000000000000e+05
7.200000000000000000e+01 4.882700000000000000e+04 5.000080000000000000e+05
7.300000000000000000e+01 5.886200000000000000e+04 5.000080000000000000e+05
7.400000000000000000e+01 6.542000000000000000e+04 5.000120000000000000e+05
7.500000000000000000e+01 6.962300000000000000e+04 5.000120000000000000e+05
7.600000000000000000e+01 7.151500000000000000e+04 5.000080000000000000e+05
7.700000000000000000e+01 7.380200000000000000e+04 5.000080000000000000e+05
7.800000000000000000e+01 7.334600000000000000e+04 5.000080000000000000e+05
7.900000000000000000e+01 7.110600000000000000e+04 5.000120000000000000e+05
8.000000000000000000e+01 6.703400000000000000e+04 5.000080000000000000e+05
8.100000000000000000e+01 6.031200000000000000e+04 5.000120000000000000e+05
8.200000000000000000e+01 5.762800000000000000e+04 5.000080000000000000e+05
8.300000000000000000e+01 5.375400000000000000e+04 5.000080000000000000e+05
8.400000000000000000e+01 4.960500000000000000e+04 5.000120000000000000e+05
8.500000000000000000e+01 4.673600000000000000e+04 5.000120000000000000e+05
8.600000000000000000e+01 4.670000000000000000e+04 5.000080000000000000e+05
8.700000000000000000e+01 4.287600000000000000e+04 5.000080000000000000e+05
8.800000000000000000e+01 3.852600000000000000e+04 5.000120000000000000e+05
8.900000000000000000e+01 3.515600000000000000e+04 5.000080000000000000e+05
9.000000000000000000e+01 3.480000000000000000e+04 5.000120000000000000e+05
9.100000000000000000e+01 3.311100000000000000e+04 5.000080000000000000e+05
9.200000000000000000e+01 3.197200000000000000e+04 5.000080000000000000e+05
9.300000000000000000e+01 3.127200000000000000e+04 5.000080000000000000e+05
9.400000000000000000e+01 3.068800000000000000e+04 5.000080000000000000e+05
9.500000000000000000e+01 3.023300000000000000e+04 5.000120000000000000e+05
9.600000000000000000e+01 3.039100000000000000e+04 5.000080000000000000e+05
9.700000000000000000e+01 3.018400000000000000e+04 5.000080000000000000e+05
9.800000000000000000e+01 3.027400000000000000e+04 5.000120000000000000e+05
9.900000000000000000e+01 2.958900000000000000e+04 5.000080000000000000e+05
1.000000000000000000e+02 3.092400000000000000e+04 5.000080000000000000e+05
1.010000000000000000e+02 3.175200000000000000e+04 5.000120000000000000e+05
1.020000000000000000e+02 3.157400000000000000e+04 5.000120000000000000e+05
1.030000000000000000e+02 3.193600000000000000e+04 5.000120000000000000e+05
1.040000000000000000e+02 3.344600000000000000e+04 5.000120000000000000e+05
1.050000000000000000e+02 3.894200000000000000e+04 5.000080000000000000e+05
1.060000000000000000e+02 4.287300000000000000e+04 5.000120000000000000e+05
1.070000000000000000e+02 4.601200000000000000e+04 5.000080000000000000e+05
1.080000000000000000e+02 5.120900000000000000e+04 5.000080000000000000e+05
1.090000000000000000e+02 5.525900000000000000e+04 5.000120000000000000e+05
1.100000000000000000e+02 5.648500000000000000e+04 5.000080000000000000e+05
1.110000000000000000e+02 6.180300000000000000e+04 5.000080000000000000e+05
1.120000000000000000e+02 6.210400000000000000e+04 5.000120000000000000e+05
1.130000000000000000e+02 6.065100000000000000e+04 5.000120000000000000e+05
1.140000000000000000e+02 6.052700000000000000e+04 5.000120000000000000e+05
1.150000000000000000e+02 5.812100000000000000e+04 5.000080000000000000e+05
1.160000000000000000e+02 5.469000000000000000e+04 5.000120000000000000e+05
1.170000000000000000e+02 5.024400000000000000e+04 5.000120000000000000e+05
1.180000000000000000e+02 4.996900000000000000e+04 5.000080000000000000e+05
1.190000000000000000e+02 4.659100000000000000e+04 5.000120000000000000e+05
1.200000000000000000e+02 4.416000000000000000e+04 5.000080000000000000e+05
1.210000000000000000e+02 3.909700000000000000e+04 5.000080000000000000e+05
1.220000000000000000e+02 3.516100000000000000e+04 5.000120000000000000e+05
1.230000000000000000e+02 3.205900000000000000e+04 5.000120000000000000e+05
1.240000000000000000e+02 2.939400000000000000e+04 5.000120000000000000e+05
1.250000000000000000e+02 2.887900000000000000e+04 5.000080000000000000e+05
1.260000000000000000e+02 2.890000000000000000e+04 5.000080000000000000e+05
1.270000000000000000e+02 2.789000000000000000e+04 5.000080000000000000e+05
1.280000000000000000e+02 2.504800000000000000e+04 5.000080000000000000e+05
1.290000000000000000e+02 2.182900000000000000e+04 5.000120000000000000e+05
1.300000000000000000e+02 2.110900000000000000e+04 5.000080000000000000e+05
1.310000000000000000e+02 1.999300000000000000e+04 5.000080000000000000e+05
1.320000000000000000e+02 1.813800000000000000e+04 5.000080000000000000e+05
1.330000000000000000e+02 1.750400000000000000e+04 5.000080000000000000e+05
1.340000000000000000e+02 1.767300000000000000e+04 5.000080000000000000e+05
1.350000000000000000e+02 1.704300000000000000e+04 5.000120000000000000e+05
1.360000000000000000e+02 1.575500000000000000e+04 5.000080000000000000e+05
1.370000000000000000e+02 1.473000000000000000e+04 5.000120000000000000e+05
1.380000000000000000e+02 1.448100000000000000e+04 5.000120000000000000e+05
1.390000000000000000e+02 1.358800000000000000e+04 5.000120000000000000e+05
1.400000000000000000e+02 1.295400000000000000e+04 5.000120000000000000e+05
1.410000000000000000e+02 1.249500000000000000e+04 5.000080000000000000e+05
1.420000000000000000e+02 1.231800000000000000e+04 5.000160000000000000e+05
1.430000000000000000e+02 1.170600000000000000e+04 5.000080000000000000e+05
1.440000000000000000e+02 1.149800000000000000e+04 5.000080000000000000e+05
1.450000000000000000e+02 1.123200000000000000e+04 5.000120000000000000e+05
1.460000000000000000e+02 1.072800000000000000e+04 5.000120000000000000e+05
1.470000000000000000e+02 1.075500000000000000e+04 5.000120000000000000e+05
1.480000000000000000e+02 1.061200000000000000e+04 5.000120000000000000e+05
1.490000000000000000e+02 1.035800000000000000e+04 5.000080000000000000e+05
1.500000000000000000e+02 1.023500000000000000e+04 5.000080000000000000e+05
1.510000000000000000e+02 1.036900000000000000e+04 5.000120000000000000e+05
1.520000000000000000e+02 9.877000000000000000e+03 5.000080000000000000e+05
1.530000000000000000e+02 9.156000000000000000e+03 5.000120000000000000e+05
1.540000000000000000e+02 9.138000000000000000e+03 5.000080000000000000e+05
1.550000000000000000e+02 9.177000000000000000e+03 5.000120000000000000e+05
1.560000000000000000e+02 9.207000000000000000e+03 5.000120000000000000e+05
1.570000000000000000e+02 9.370000000000000000e+03 5.000080000000000000e+05
1.580000000000000000e+02 9.420000000000000000e+03 5.000080000000000000e+05
1.590000000000000000e+02 9.338000000000000000e+03 5.000080000000000000e+05
1.600000000000000000e+02 8.987000000000000000e+03 5.000080000000000000e+05
1.610000000000000000e+02 9.160000000000000000e+03 5.000120000000000000e+05
1.620000000000000000e+02 9.059000000000000000e+03 5.000080000000000000e+05
1.630000000000000000e+02 9.034000000000000000e+03 5.000120000000000000e+05
1.640000000000000000e+02 8.953000000000000000e+03 5.000120000000000000e+05
1.650000000000000000e+02 8.942000000000000000e+03 5.000120000000000000e+05
1.660000000000000000e+02 9.173000000000000000e+03 5.000160000000000000e+05
1.670000000000000000e+02 9.101000000000000000e+03 5.000120000000000000e+05
1.680000000000000000e+02 9.144000000000000000e+03 5.000120000000000000e+05
1.690000000000000000e+02 9.121000000000000000e+03 5.000120000000000000e+05
1.700000000000000000e+02 9.139000000000000000e+03 5.000120000000000000e+05
1.710000000000000000e+02 8.977000000000000000e+03 5.000120000000000000e+05
1.720000000000000000e+02 8.913000000000000000e+03 5.000120000000000000e+05
1.730000000000000000e+02 9.055000000000000000e+03 5.000120000000000000e+05
1.740000000000000000e+02 9.290000000000000000e+03 5.000120000000000000e+05
1.750000000000000000e+02 9.034000000000000000e+03 5.000120000000000000e+05
1.760000000000000000e+02 9.125000000000000000e+03 5.000080000000000000e+05
1.770000000000000000e+02 9.171000000000000000e+03 5.000120000000000000e+05
1.780000000000000000e+02 9.169000000000000000e+03 5.000080000000000000e+05
1.790000000000000000e+02 9.128000000000000000e+03 5.000080000000000000e+05
1.800000000000000000e+02 9.183000000000000000e+03 5.000120000000000000e+05
1.810000000000000000e+02 9.135000000000000000e+03 5.000120000000000000e+05
1.820000000000000000e+02 9.193000000000000000e+03 5.000080000000000000e+05
1.830000000000000000e+02 9.260000000000000000e+03 5.000120000000000000e+05
1.840000000000000000e+02 9.033000000000000000e+03 5.000120000000000000e+05
1.850000000000000000e+02 9.163000000000000000e+03 5.000080000000000000e+05
1.860000000000000000e+02 8.911000000000000000e+03 5.000080000000000000e+05
1.870000000000000000e+02 9.055000000000000000e+03 5.000120000000000000e+05
1.880000000000000000e+02 9.079000000000000000e+03 5.000080000000000000e+05
1.890000000000000000e+02 8.817000000000000000e+03 5.000120000000000000e+05
1.900000000000000000e+02 8.632000000000000000e+03 5.000120000000000000e+05
1.910000000000000000e+02 8.777000000000000000e+03 5.000080000000000000e+05
1.920000000000000000e+02 8.521000000000000000e+03 5.000120000000000000e+05
1.930000000000000000e+02 8.597000000000000000e+03 5.000080000000000000e+05
1.940000000000000000e+02 8.465000000000000000e+03 5.000120000000000000e+05
1.950000000000000000e+02 8.701000000000000000e+03 5.000120000000000000e+05
1.960000000000000000e+02 8.766000000000000000e+03 5.000080000000000000e+05
1.970000000000000000e+02 8.764000000000000000e+03 5.000120000000000000e+05
1.980000000000000000e+02 8.741000000000000000e+03 5.000120000000000000e+05
1.990000000000000000e+02 8.677000000000000000e+03 5.000120000000000000e+05
2.000000000000000000e+02 8.743000000000000000e+03 5.000080000000000000e+05
2.010000000000000000e+02 8.876000000000000000e+03 5.000120000000000000e+05
2.020000000000000000e+02 8.647000000000000000e+03 5.000080000000000000e+05
2.030000000000000000e+02 8.552000000000000000e+03 5.000080000000000000e+05
2.040000000000000000e+02 8.498000000000000000e+03 5.000120000000000000e+05
2.050000000000000000e+02 8.394000000000000000e+03 5.000120000000000000e+05
2.060000000000000000e+02 8.461000000000000000e+03 5.000120000000000000e+05
2.070000000000000000e+02 8.228000000000000000e+03 5.000160000000000000e+05
2.080000000000000000e+02 8.219000000000000000e+03 5.000120000000000000e+05
2.090000000000000000e+02 8.356000000000000000e+03 5.000080000000000000e+05
2.100000000000000000e+02 8.556000000000000000e+03 5.000120000000000000e+05
2.110000000000000000e+02 8.423000000000000000e+03 5.000080000000000000e+05
2.120000000000000000e+02 8.420000000000000000e+03 5.000120000000000000e+05
2.130000000000000000e+02 8.290000000000000000e+03 5.000080000000000000e+05
2.140000000000000000e+02 8.389000000000000000e+03 5.000080000000000000e+05
2.150000000000000000e+02 8.430000000000000000e+03 5.000080000000000000e+05
2.160000000000000000e+02 8.336000000000000000e+03 5.000120000000000000e+05
2.170000000000000000e+02 8.581000000000000000e+03 5.000080000000000000e+05
2.180000000000000000e+02 8.701000000000000000e+03 5.000080000000000000e+05
2.190000000000000000e+02 8.568000000000000000e+03 5.000080000000000000e+05
2.200000000000000000e+02 8.431000000000000000e+03 5.000080000000000000e+05
2.210000000000000000e+02 8.391000000000000000e+03 5.000080000000000000e+05
2.220000000000000000e+02 8.376000000000000000e+03 5.000080000000000000e+05
2.230000000000000000e+02 8.560000000000000000e+03 5.000120000000000000e+05
2.240000000000000000e+02 9.026000000000000000e+03 5.000080000000000000e+05
2.250000000000000000e+02 9.213000000000000000e+03 5.000080000000000000e+05
2.260000000000000000e+02 9.134000000000000000e+03 5.000120000000000000e+05
2.270000000000000000e+02 9.064000000000000000e+03 5.000080000000000000e+05
2.280000000000000000e+02 9.024000000000000000e+03 5.000120000000000000e+05
2.290000000000000000e+02 9.045000000000000000e+03 5.000080000000000000e+05
2.300000000000000000e+02 8.902000000000000000e+03 5.000080000000000000e+05
2.310000000000000000e+02 9.096000000000000000e+03 5.000120000000000000e+05
2.320000000000000000e+02 9.386000000000000000e+03 5.000080000000000000e+05
2.330000000000000000e+02 9.326000000000000000e+03 5.000080000000000000e+05
2.340000000000000000e+02 9.374000000000000000e+03 5.000080000000000000e+05
2.350000000000000000e+02 9.185000000000000000e+03 5.000120000000000000e+05
2.360000000000000000e+02 9.617000000000000000e+03 5.000080000000000000e+05
2.370000000000000000e+02 9.680000000000000000e+03 5.000080000000000000e+05
2.380000000000000000e+02 9.949000000000000000e+03 5.000120000000000000e+05
2.390000000000000000e+02 9.889000000000000000e+03 5.000080000000000000e+05
2.400000000000000000e+02 1.007100000000000000e+04 5.000080000000000000e+05
2.410000000000000000e+02 1.045300000000000000e+04 5.000120000000000000e+05
2.420000000000000000e+02 1.088700000000000000e+04 5.000080000000000000e+05
2.430000000000000000e+02 1.109100000000000000e+04 5.000080000000000000e+05
2.440000000000000000e+02 1.127400000000000000e+04 5.000120000000000000e+05
2.450000000000000000e+02 1.144100000000000000e+04 5.000120000000000000e+05
2.460000000000000000e+02 1.183100000000000000e+04 5.000120000000000000e+05
2.470000000000000000e+02 1.234000000000000000e+04 5.000080000000000000e+05
2.480000000000000000e+02 1.285600000000000000e+04 5.000120000000000000e+05
2.490000000000000000e+02 1.346100000000000000e+04 5.000120000000000000e+05
2.500000000000000000e+02 1.395300000000000000e+04 5.000080000000000000e+05
2.510000000000000000e+02 1.410600000000000000e+04 5.000120000000000000e+05
2.520000000000000000e+02 1.455500000000000000e+04 5.000080000000000000e+05
2.530000000000000000e+02 1.499900000000000000e+04 5.000080000000000000e+05
2.540000000000000000e+02 1.551200000000000000e+04 5.000080000000000000e+05
2.550000000000000000e+02 1.622600000000000000e+04 5.000120000000000000e+05
2.560000000000000000e+02 1.706800000000000000e+04 5.000120000000000000e+05
2.570000000000000000e+02 1.793500000000000000e+04 5.000120000000000000e+05
2.580000000000000000e+02 1.855300000000000000e+04 5.000080000000000000e+05
2.590000000000000000e+02 1.866800000000000000e+04 5.000080000000000000e+05
2.600000000000000000e+02 1.911600000000000000e+04 5.000120000000000000e+05
2.610000000000000000e+02 1.916300000000000000e+04 5.000120000000000000e+05
2.620000000000000000e+02 1.944400000000000000e+04 5.000080000000000000e+05
2.630000000000000000e+02 2.016900000000000000e+04 5.000120000000000000e+05
2.640000000000000000e+02 1.979700000000000000e+04 5.000080000000000000e+05
2.650000000000000000e+02 2.002300000000000000e+04 5.000080000000000000e+05
2.660000000000000000e+02 2.034600000000000000e+04 5.000120000000000000e+05
2.670000000000000000e+02 2.027200000000000000e+04 5.000120000000000000e+05
2.680000000000000000e+02 2.012600000000000000e+04 5.000080000000000000e+05
2.690000000000000000e+02 2.000100000000000000e+04 5.000080000000000000e+05
2.700000000000000000e+02 2.017200000000000000e+04 5.000120000000000000e+05
2.710000000000000000e+02 2.059500000000000000e+04 5.000120000000000000e+05
2.720000000000000000e+02 2.097500000000000000e+04 5.000120000000000000e+05
2.730000000000000000e+02 2.131200000000000000e+04 5.000080000000000000e+05
2.740000000000000000e+02 2.168800000000000000e+04 5.000080000000000000e+05
2.750000000000000000e+02 2.220200000000000000e+04 5.000120000000000000e+05
2.760000000000000000e+02 2.271400000000000000e+04 5.000120000000000000e+05
2.770000000000000000e+02 2.291200000000000000e+04 5.000120000000000000e+05
2.780000000000000000e+02 2.408700000000000000e+04 5.000120000000000000e+05
2.790000000000000000e+02 2.569800000000000000e+04 5.000120000000000000e+05
2.800000000000000000e+02 2.689900000000000000e+04 5.000120000000000000e+05
2.810000000000000000e+02 2.927300000000000000e+04 5.000120000000000000e+05
2.820000000000000000e+02 3.108500000000000000e+04 5.000120000000000000e+05
2.830000000000000000e+02 3.192800000000000000e+04 5.000080000000000000e+05
2.840000000000000000e+02 3.273900000000000000e+04 5.000120000000000000e+05
2.850000000000000000e+02 3.346200000000000000e+04 5.000120000000000000e+05
2.860000000000000000e+02 3.297000000000000000e+04 5.000080000000000000e+05
2.870000000000000000e+02 3.161100000000000000e+04 5.000080000000000000e+05
2.880000000000000000e+02 2.901300000000000000e+04 5.000080000000000000e+05
2.890000000000000000e+02 2.726700000000000000e+04 5.000080000000000000e+05
2.900000000000000000e+02 2.437100000000000000e+04 5.000080000000000000e+05
2.910000000000000000e+02 2.287800000000000000e+04 5.000120000000000000e+05
2.920000000000000000e+02 2.273000000000000000e+04 5.000120000000000000e+05
2.930000000000000000e+02 2.196400000000000000e+04 5.000120000000000000e+05
2.940000000000000000e+02 1.953200000000000000e+04 5.000120000000000000e+05
2.950000000000000000e+02 1.736900000000000000e+04 5.000080000000000000e+05
2.960000000000000000e+02 1.566600000000000000e+04 5.000080000000000000e+05
2.970000000000000000e+02 1.415100000000000000e+04 5.000120000000000000e+05
2.980000000000000000e+02 1.299700000000000000e+04 5.000080000000000000e+05
2.990000000000000000e+02 1.242700000000000000e+04 5.000080000000000000e+05
3.000000000000000000e+02 1.229800000000000000e+04 5.000120000000000000e+05
3.010000000000000000e+02 1.220900000000000000e+04 5.000080000000000000e+05
3.020000000000000000e+02 1.175300000000000000e+04 5.000080000000000000e+05
3.030000000000000000e+02 1.089900000000000000e+04 5.000080000000000000e+05
3.040000000000000000e+02 1.067800000000000000e+04 5.000080000000000000e+05
3.050000000000000000e+02 1.049300000000000000e+04 5.000080000000000000e+05
3.060000000000000000e+02 1.037700000000000000e+04 5.000120000000000000e+05
3.070000000000000000e+02 1.013800000000000000e+04 5.000120000000000000e+05
3.080000000000000000e+02 1.015600000000000000e+04 5.000080000000000000e+05
3.090000000000000000e+02 9.982000000000000000e+03 5.000080000000000000e+05
3.100000000000000000e+02 1.006300000000000000e+04 5.000120000000000000e+05
3.110000000000000000e+02 9.770000000000000000e+03 5.000120000000000000e+05
3.120000000000000000e+02 9.745000000000000000e+03 5.000080000000000000e+05
3.130000000000000000e+02 9.558000000000000000e+03 5.000120000000000000e+05
3.140000000000000000e+02 9.652000000000000000e+03 5.000120000000000000e+05
3.150000000000000000e+02 9.572000000000000000e+03 5.000120000000000000e+05
3.160000000000000000e+02 9.431000000000000000e+03 5.000120000000000000e+05
3.170000000000000000e+02 9.259000000000000000e+03 5.000080000000000000e+05
3.180000000000000000e+02 9.021000000000000000e+03 5.000080000000000000e+05
3.190000000000000000e+02 8.996000000000000000e+03 5.000080000000000000e+05
3.200000000000000000e+02 8.958000000000000000e+03 5.000080000000000000e+05
3.210000000000000000e+02 8.957000000000000000e+03 5.000120000000000000e+05
3.220000000000000000e+02 8.922000000000000000e+03 5.000120000000000000e+05
3.230000000000000000e+02 8.751000000000000000e+03 5.000120000000000000e+05
3.240000000000000000e+02 8.783000000000000000e+03 5.000080000000000000e+05
3.250000000000000000e+02 8.888000000000000000e+03 5.000080000000000000e+05
3.260000000000000000e+02 8.789000000000000000e+03 5.000120000000000000e+05
3.270000000000000000e+02 8.696000000000000000e+03 5.000120000000000000e+05
3.280000000000000000e+02 8.372000000000000000e+03 5.000080000000000000e+05
3.290000000000000000e+02 8.520000000000000000e+03 5.000080000000000000e+05
3.300000000000000000e+02 8.409000000000000000e+03 5.000080000000000000e+05
3.310000000000000000e+02 8.554000000000000000e+03 5.000080000000000000e+05
3.320000000000000000e+02 8.465000000000000000e+03 5.000080000000000000e+05
3.330000000000000000e+02 8.577000000000000000e+03 5.000120000000000000e+05
3.340000000000000000e+02 8.438000000000000000e+03 5.000120000000000000e+05
3.350000000000000000e+02 8.395000000000000000e+03 5.000080000000000000e+05
3.360000000000000000e+02 8.339000000000000000e+03 5.000080000000000000e+05
3.370000000000000000e+02 8.369000000000000000e+03 5.000120000000000000e+05
3.380000000000000000e+02 8.530000000000000000e+03 5.000120000000000000e+05
3.390000000000000000e+02 8.617000000000000000e+03 5.000120000000000000e+05
3.400000000000000000e+02 8.554000000000000000e+03 5.000080000000000000e+05
3.410000000000000000e+02 8.385000000000000000e+03 5.000120000000000000e+05
3.420000000000000000e+02 8.429000000000000000e+03 5.000080000000000000e+05
3.430000000000000000e+02 8.459000000000000000e+03 5.000080000000000000e+05
3.440000000000000000e+02 8.515000000000000000e+03 5.000120000000000000e+05
3.450000000000000000e+02 8.637000000000000000e+03 5.000080000000000000e+05
3.460000000000000000e+02 8.507000000000000000e+03 5.000120000000000000e+05
3.470000000000000000e+02 8.373000000000000000e+03 5.000080000000000000e+05
3.480000000000000000e+02 8.206000000000000000e+03 5.000120000000000000e+05
3.490000000000000000e+02 8.032000000000000000e+03 5.000120000000000000e+05
3.500000000000000000e+02 7.855000000000000000e+03 5.000120000000000000e+05
3.510000000000000000e+02 8.101000000000000000e+03 5.000120000000000000e+05
3.520000000000000000e+02 8.073000000000000000e+03 5.000080000000000000e+05
3.530000000000000000e+02 8.179000000000000000e+03 5.000120000000000000e+05
3.540000000000000000e+02 8.186000000000000000e+03 5.000120000000000000e+05
3.550000000000000000e+02 8.129000000000000000e+03 5.000080000000000000e+05
3.560000000000000000e+02 8.375000000000000000e+03 5.000080000000000000e+05
3.570000000000000000e+02 8.431000000000000000e+03 5.000080000000000000e+05
3.580000000000000000e+02 8.372000000000000000e+03 5.000120000000000000e+05
3.590000000000000000e+02 8.564000000000000000e+03 5.000120000000000000e+05
3.600000000000000000e+02 8.370000000000000000e+03 5.000120000000000000e+05
3.610000000000000000e+02 8.105000000000000000e+03 5.000080000000000000e+05
3.620000000000000000e+02 8.007000000000000000e+03 5.000120000000000000e+05
3.630000000000000000e+02 8.098000000000000000e+03 5.000080000000000000e+05
3.640000000000000000e+02 8.257000000000000000e+03 5.000080000000000000e+05
3.650000000000000000e+02 8.159000000000000000e+03 5.000080000000000000e+05
3.660000000000000000e+02 8.203000000000000000e+03 5.000120000000000000e+05
3.670000000000000000e+02 8.044000000000000000e+03 5.000080000000000000e+05
3.680000000000000000e+02 8.263000000000000000e+03 5.000120000000000000e+05
3.690000000000000000e+02 8.115000000000000000e+03 5.000080000000000000e+05
3.700000000000000000e+02 8.208000000000000000e+03 5.000080000000000000e+05
3.710000000000000000e+02 8.033000000000000000e+03 5.000120000000000000e+05
3.720000000000000000e+02 8.320000000000000000e+03 5.000120000000000000e+05
3.730000000000000000e+02 8.329000000000000000e+03 5.000120000000000000e+05
3.740000000000000000e+02 8.137000000000000000e+03 5.000080000000000000e+05
3.750000000000000000e+02 8.102000000000000000e+03 5.000120000000000000e+05
3.760000000000000000e+02 8.288000000000000000e+03 5.000080000000000000e+05
3.770000000000000000e+02 8.173000000000000000e+03 5.000080000000000000e+05
3.780000000000000000e+02 8.672000000000000000e+03 5.000080000000000000e+05
3.790000000000000000e+02 8.620000000000000000e+03 5.000120000000000000e+05
3.800000000000000000e+02 8.557000000000000000e+03 5.000080000000000000e+05
3.810000000000000000e+02 8.728000000000000000e+03 5.000080000000000000e+05
3.820000000000000000e+02 8.501000000000000000e+03 5.000120000000000000e+05
3.830000000000000000e+02 8.717000000000000000e+03 5.000120000000000000e+05
3.840000000000000000e+02 8.739000000000000000e+03 5.000080000000000000e+05
3.850000000000000000e+02 8.514000000000000000e+03 5.000120000000000000e+05
3.860000000000000000e+02 8.594000000000000000e+03 5.000120000000000000e+05
3.870000000000000000e+02 8.808000000000000000e+03 5.000080000000000000e+05
3.880000000000000000e+02 8.913000000000000000e+03 5.000120000000000000e+05
3.890000000000000000e+02 9.118000000000000000e+03 5.000120000000000000e+05
3.900000000000000000e+02 9.144000000000000000e+03 5.000120000000000000e+05
3.910000000000000000e+02 9.067000000000000000e+03 5.000120000000000000e+05
3.920000000000000000e+02 8.523000000000000000e+03 5.000120000000000000e+05
3.930000000000000000e+02 8.408000000000000000e+03 5.000120000000000000e+05
3.940000000000000000e+02 9.112000000000000000e+03 5.000120000000000000e+05
3.950000000000000000e+02 9.027000000000000000e+03 5.000120000000000000e+05
3.960000000000000000e+02 9.130000000000000000e+03 5.000120000000000000e+05
3.970000000000000000e+02 8.991000000000000000e+03 5.000080000000000000e+05
3.980000000000000000e+02 8.866000000000000000e+03 5.000120000000000000e+05
3.990000000000000000e+02 9.335000000000000000e+03 5.000080000000000000e+05
4.000000000000000000e+02 9.137000000000000000e+03 5.000120000000000000e+05
4.010000000000000000e+02 8.990000000000000000e+03 5.000120000000000000e+05
4.020000000000000000e+02 9.078000000000000000e+03 5.000160000000000000e+05
4.030000000000000000e+02 8.850000000000000000e+03 5.000120000000000000e+05
4.040000000000000000e+02 9.095000000000000000e+03 5.000120000000000000e+05
4.050000000000000000e+02 9.288000000000000000e+03 5.000080000000000000e+05
4.060000000000000000e+02 9.215000000000000000e+03 5.000080000000000000e+05
4.070000000000000000e+02 9.112000000000000000e+03 5.000080000000000000e+05
4.080000000000000000e+02 9.241000000000000000e+03 5.000120000000000000e+05
4.090000000000000000e+02 9.188000000000000000e+03 5.000080000000000000e+05
4.100000000000000000e+02 9.123000000000000000e+03 5.000120000000000000e+05
4.110000000000000000e+02 9.197000000000000000e+03 5.000120000000000000e+05
4.120000000000000000e+02 8.639000000000000000e+03 5.000120000000000000e+05
4.130000000000000000e+02 8.834000000000000000e+03 5.000080000000000000e+05
4.140000000000000000e+02 8.975000000000000000e+03 5.000080000000000000e+05
4.150000000000000000e+02 9.090000000000000000e+03 5.000120000000000000e+05
4.160000000000000000e+02 9.085000000000000000e+03 5.000080000000000000e+05
4.170000000000000000e+02 9.367000000000000000e+03 5.000080000000000000e+05
4.180000000000000000e+02 9.090000000000000000e+03 5.000120000000000000e+05
4.190000000000000000e+02 9.148000000000000000e+03 5.000080000000000000e+05
4.200000000000000000e+02 9.199000000000000000e+03 5.000120000000000000e+05
4.210000000000000000e+02 9.380000000000000000e+03 5.000120000000000000e+05
4.220000000000000000e+02 9.195000000000000000e+03 5.000120000000000000e+05
4.230000000000000000e+02 9.491000000000000000e+03 5.000080000000000000e+05
4.240000000000000000e+02 9.714000000000000000e+03 5.000120000000000000e+05
4.250000000000000000e+02 9.027000000000000000e+03 5.000120000000000000e+05
4.260000000000000000e+02 8.966000000000000000e+03 5.000120000000000000e+05
4.270000000000000000e+02 8.812000000000000000e+03 5.000080000000000000e+05
4.280000000000000000e+02 9.084000000000000000e+03 5.000080000000000000e+05
4.290000000000000000e+02 9.235000000000000000e+03 5.000120000000000000e+05
4.300000000000000000e+02 9.449000000000000000e+03 5.000080000000000000e+05
4.310000000000000000e+02 9.395000000000000000e+03 5.000120000000000000e+05
4.320000000000000000e+02 9.087000000000000000e+03 5.000080000000000000e+05
4.330000000000000000e+02 9.075000000000000000e+03 5.000120000000000000e+05
4.340000000000000000e+02 9.480000000000000000e+03 5.000080000000000000e+05
4.350000000000000000e+02 9.217000000000000000e+03 5.000120000000000000e+05
4.360000000000000000e+02 9.450000000000000000e+03 5.000120000000000000e+05
4.370000000000000000e+02 9.089000000000000000e+03 5.000120000000000000e+05
4.380000000000000000e+02 9.510000000000000000e+03 5.000080000000000000e+05
4.390000000000000000e+02 9.345000000000000000e+03 5.000120000000000000e+05
4.400000000000000000e+02 9.913000000000000000e+03 5.000080000000000000e+05
4.410000000000000000e+02 9.334000000000000000e+03 5.000080000000000000e+05
4.420000000000000000e+02 9.442000000000000000e+03 5.000120000000000000e+05
4.430000000000000000e+02 9.637000000000000000e+03 5.000080000000000000e+05
4.440000000000000000e+02 9.625000000000000000e+03 5.000120000000000000e+05
4.450000000000000000e+02 9.697000000000000000e+03 5.000080000000000000e+05
4.460000000000000000e+02 9.637000000000000000e+03 5.000120000000000000e+05
4.470000000000000000e+02 9.651000000000000000e+03 5.000080000000000000e+05
4.480000000000000000e+02 9.580000000000000000e+03 5.000080000000000000e+05
4.490000000000000000e+02 9.534000000000000000e+03 5.000080000000000000e+05
4.500000000000000000e+02 9.338000000000000000e+03 5.000080000000000000e+05
4.510000000000000000e+02 8.954000000000000000e+03 5.000080000000000000e+05
4.520000000000000000e+02 9.163000000000000000e+03 5.000080000000000000e+05
4.530000000000000000e+02 9.137000000000000000e+03 5.000120000000000000e+05
4.540000000000000000e+02 9.185000000000000000e+03 5.000080000000000000e+05
4.550000000000000000e+02 9.286000000000000000e+03 5.000120000000000000e+05
4.560000000000000000e+02 9.171000000000000000e+03 5.000080000000000000e+05
4.570000000000000000e+02 9.066000000000000000e+03 5.000120000000000000e+05
4.580000000000000000e+02 9.128000000000000000e+03 5.000080000000000000e+05
4.590000000000000000e+02 9.264000000000000000e+03 5.000120000000000000e+05
4.600000000000000000e+02 9.135000000000000000e+03 5.000120000000000000e+05
4.610000000000000000e+02 9.037000000000000000e+03 5.000080000000000000e+05
4.620000000000000000e+02 9.109000000000000000e+03 5.000080000000000000e+05
4.630000000000000000e+02 9.374000000000000000e+03 5.000080000000000000e+05
4.640000000000000000e+02 9.368000000000000000e+03 5.000120000000000000e+05
4.650000000000000000e+02 9.419000000000000000e+03 5.000120000000000000e+05
4.660000000000000000e+02 9.211000000000000000e+03 5.000120000000000000e+05
4.670000000000000000e+02 9.283000000000000000e+03 5.000120000000000000e+05
4.680000000000000000e+02 9.206000000000000000e+03 5.000080000000000000e+05
4.690000000000000000e+02 9.298000000000000000e+03 5.000120000000000000e+05
4.700000000000000000e+02 9.212000000000000000e+03 5.000120000000000000e+05
4.710000000000000000e+02 9.129000000000000000e+03 5.000120000000000000e+05
4.720000000000000000e+02 9.359000000000000000e+03 5.000080000000000000e+05
4.730000000000000000e+02 9.344000000000000000e+03 5.000080000000000000e+05
4.740000000000000000e+02 9.622000000000000000e+03 5.000080000000000000e+05
4.750000000000000000e+02 1.013100000000000000e+04 5.000080000000000000e+05
4.760000000000000000e+02 9.690000000000000000e+03 5.000120000000000000e+05
4.770000000000000000e+02 1.000600000000000000e+04 5.000080000000000000e+05
4.780000000000000000e+02 9.646000000000000000e+03 5.000120000000000000e+05
4.790000000000000000e+02 9.897000000000000000e+03 5.000080000000000000e+05
4.800000000000000000e+02 9.717000000000000000e+03 5.000080000000000000e+05
4.810000000000000000e+02 9.144000000000000000e+03 5.000120000000000000e+05
4.820000000000000000e+02 9.262000000000000000e+03 5.000080000000000000e+05
4.830000000000000000e+02 9.272000000000000000e+03 5.000080000000000000e+05
4.840000000000000000e+02 9.269000000000000000e+03 5.000080000000000000e+05
4.850000000000000000e+02 9.561000000000000000e+03 5.000120000000000000e+05
4.860000000000000000e+02 9.756000000000000000e+03 5.000120000000000000e+05
4.870000000000000000e+02 9.866000000000000000e+03 5.000120000000000000e+05
4.880000000000000000e+02 9.853000000000000000e+03 5.000120000000000000e+05
4.890000000000000000e+02 9.740000000000000000e+03 5.000080000000000000e+05
4.900000000000000000e+02 9.803000000000000000e+03 5.000080000000000000e+05
4.910000000000000000e+02 9.636000000000000000e+03 5.000080000000000000e+05
4.920000000000000000e+02 9.749000000000000000e+03 5.000120000000000000e+05
4.930000000000000000e+02 9.736000000000000000e+03 5.000120000000000000e+05
4.940000000000000000e+02 9.881000000000000000e+03 5.000120000000000000e+05
4.950000000000000000e+02 9.941000000000000000e+03 5.000080000000000000e+05
4.960000000000000000e+02 1.012800000000000000e+04 5.000120000000000000e+05
4.970000000000000000e+02 1.024000000000000000e+04 5.000080000000000000e+05
4.980000000000000000e+02 1.042100000000000000e+04 5.000120000000000000e+05
4.990000000000000000e+02 1.035500000000000000e+04 5.000080000000000000e+05
5.000000000000000000e+02 1.035000000000000000e+04 5.000120000000000000e+05
5.010000000000000000e+02 1.015200000000000000e+04 5.000120000000000000e+05
5.020000000000000000e+02 1.047400000000000000e+04 5.000120000000000000e+05
5.030000000000000000e+02 1.018700000000000000e+04 5.000080000000000000e+05
5.040000000000000000e+02 1.012600000000000000e+04 5.000120000000000000e+05
5.050000000000000000e+02 1.020100000000000000e+04 5.000080000000000000e+05
5.060000000000000000e+02 9.899000000000000000e+03 5.000080000000000000e+05
5.070000000000000000e+02 9.906000000000000000e+03 5.000080000000000000e+05
5.080000000000000000e+02 1.006200000000000000e+04 5.000120000000000000e+05
5.090000000000000000e+02 1.023000000000000000e+04 5.000120000000000000e+05
5.100000000000000000e+02 9.956000000000000000e+03 5.000080000000000000e+05
5.110000000000000000e+02 1.000300000000000000e+04 5.000080000000000000e+05
5.120000000000000000e+02 1.021000000000000000e+04 5.000120000000000000e+05
5.130000000000000000e+02 9.948000000000000000e+03 5.000120000000000000e+05
5.140000000000000000e+02 9.775000000000000000e+03 5.000120000000000000e+05
5.150000000000000000e+02 9.979000000000000000e+03 5.000120000000000000e+05
5.160000000000000000e+02 1.003800000000000000e+04 5.000120000000000000e+05
5.170000000000000000e+02 9.868000000000000000e+03 5.000080000000000000e+05
5.180000000000000000e+02 9.511000000000000000e+03 5.000120000000000000e+05
5.190000000000000000e+02 9.694000000000000000e+03 5.000120000000000000e+05
5.200000000000000000e+02 9.951000000000000000e+03 5.000080000000000000e+05
5.210000000000000000e+02 9.250000000000000000e+03 5.000120000000000000e+05
5.220000000000000000e+02 9.112000000000000000e+03 5.000120000000000000e+05
5.230000000000000000e+02 9.540000000000000000e+03 5.000120000000000000e+05
5.240000000000000000e+02 9.207000000000000000e+03 5.000120000000000000e+05
5.250000000000000000e+02 9.549000000000000000e+03 5.000120000000000000e+05
5.260000000000000000e+02 9.429000000000000000e+03 5.000080000000000000e+05
5.270000000000000000e+02 9.629000000000000000e+03 5.000120000000000000e+05
5.280000000000000000e+02 9.843000000000000000e+03 5.000120000000000000e+05
5.290000000000000000e+02 9.661000000000000000e+03 5.000120000000000000e+05
5.300000000000000000e+02 9.660000000000000000e+03 5.000120000000000000e+05
5.310000000000000000e+02 9.422000000000000000e+03 5.000080000000000000e+05
5.320000000000000000e+02 9.623000000000000000e+03 5.000120000000000000e+05
5.330000000000000000e+02 9.634000000000000000e+03 5.000080000000000000e+05
5.340000000000000000e+02 9.514000000000000000e+03 5.000120000000000000e+05
5.350000000000000000e+02 9.547000000000000000e+03 5.000080000000000000e+05
5.360000000000000000e+02 9.721000000000000000e+03 5.000120000000000000e+05
5.370000000000000000e+02 9.784000000000000000e+03 5.000080000000000000e+05
5.380000000000000000e+02 9.602000000000000000e+03 5.000120000000000000e+05
5.390000000000000000e+02 9.501000000000000000e+03 5.000120000000000000e+05
