3.704260000000000000e+05 6.000000000000000000e+00
3.705260000000000000e+05 8.000000000000000000e+00
3.706260000000000000e+05 6.000000000000000000e+00
3.707260000000000000e+05 9.000000000000000000e+00
3.708260000000000000e+05 6.000000000000000000e+00
3.709260000000000000e+05 7.000000000000000000e+00
3.710260000000000000e+05 8.000000000000000000e+00
3.711260000000000000e+05 8.000000000000000000e+00
3.712260000000000000e+05 8.000000000000000000e+00
3.713260000000000000e+05 8.000000000000000000e+00
3.714260000000000000e+05 7.000000000000000000e+00
3.715260000000000000e+05 7.000000000000000000e+00
3.716260000000000000e+05 8.000000000000000000e+00
3.717260000000000000e+05 7.000000000000000000e+00
3.718260000000000000e+05 7.000000000000000000e+00
3.719260000000000000e+05 7.000000000000000000e+00
3.720260000000000000e+05 7.000000000000000000e+00
3.721260000000000000e+05 7.000000000000000000e+00
3.722260000000000000e+05 7.000000000000000000e+00
3.723260000000000000e+05 9.000000000000000000e+00
3.724260000000000000e+05 7.000000000000000000e+00
3.725260000000000000e+05 7.000000000000000000e+00
3.726260000000000000e+05 7.000000000000000000e+00
3.727260000000000000e+05 8.000000000000000000e+00
3.728260000000000000e+05 8.000000000000000000e+00
3.729260000000000000e+05 8.000000000000000000e+00
3.730260000000000000e+05 7.000000000000000000e+00
3.731260000000000000e+05 7.000000000000000000e+00
3.732260000000000000e+05 7.000000000000000000e+00
3.733260000000000000e+05 8.000000000000000000e+00
3.734260000000000000e+05 7.000000000000000000e+00
3.735260000000000000e+05 6.000000000000000000e+00
3.736260000000000000e+05 6.000000000000000000e+00
3.737260000000000000e+05 8.000000000000000000e+00
3.738260000000000000e+05 7.000000000000000000e+00
3.739260000000000000e+05 7.000000000000000000e+00
3.740260000000000000e+05 8.000000000000000000e+00
3.741260000000000000e+05 7.000000000000000000e+00
3.742260000000000000e+05 7.000000000000000000e+00
3.743260000000000000e+05 8.000000000000000000e+00
3.744260000000000000e+05 6.000000000000000000e+00
3.745260000000000000e+05 7.000000000000000000e+00
3.746260000000000000e+05 6.000000000000000000e+00
3.747260000000000000e+05 7.000000000000000000e+00
3.748260000000000000e+05 8.000000000000000000e+00
3.749260000000000000e+05 6.000000000000000000e+00
3.750260000000000000e+05 8.000000000000000000e+00
3.751260000000000000e+05 7.000000000000000000e+00
3.752260000000000000e+05 1.200000000000000000e+01
3.753260000000000000e+05 1.100000000000000000e+01
3.754260000000000000e+05 1.000000000000000000e+01
3.755260000000000000e+05 8.000000000000000000e+00
3.756260000000000000e+05 8.000000000000000000e+00
3.757260000000000000e+05 8.000000000000000000e+00
3.758260000000000000e+05 9.000000000000000000e+00
3.759260000000000000e+05 8.000000000000000000e+00
3.760260000000000000e+05 7.000000000000000000e+00
3.761260000000000000e+05 8.000000000000000000e+00
3.762260000000000000e+05 6.000000000000000000e+00
3.763260000000000000e+05 8.000000000000000000e+00
3.764260000000000000e+05 8.000000000000000000e+00
3.765260000000000000e+05 5.000000000000000000e+00
3.766260000000000000e+05 7.000000000000000000e+00
3.767260000000000000e+05 8.000000000000000000e+00
3.768260000000000000e+05 5.000000000000000000e+00
3.769260000000000000e+05 9.000000000000000000e+00
3.770260000000000000e+05 8.000000000000000000e+00
3.771260000000000000e+05 8.000000000000000000e+00
3.772260000000000000e+05 7.000000000000000000e+00
3.773260000000000000e+05 6.000000000000000000e+00
3.774260000000000000e+05 8.000000000000000000e+00
3.775260000000000000e+05 9.000000000000000000e+00
3.776260000000000000e+05 5.000000000000000000e+00
3.777260000000000000e+05 8.000000000000000000e+00
3.778260000000000000e+05 6.000000000000000000e+00
3.779260000000000000e+05 7.000000000000000000e+00
3.780260000000000000e+05 7.000000000000000000e+00
3.781260000000000000e+05 8.000000000000000000e+00
3.782260000000000000e+05 8.000000000000000000e+00
3.783260000000000000e+05 6.000000000000000000e+00
3.784260000000000000e+05 7.000000000000000000e+00
3.785260000000000000e+05 7.000000000000000000e+00
3.786260000000000000e+05 8.000000000000000000e+00
3.787260000000000000e+05 6.000000000000000000e+00
3.788260000000000000e+05 8.000000000000000000e+00
3.789260000000000000e+05 7.000000000000000000e+00
3.790260000000000000e+05 7.000000000000000000e+00
3.791260000000000000e+05 9.000000000000000000e+00
3.792260000000000000e+05 8.000000000000000000e+00
3.793260000000000000e+05 8.000000000000000000e+00
3.794260000000000000e+05 6.000000000000000000e+00
3.795260000000000000e+05 8.000000000000000000e+00
3.796260000000000000e+05 5.000000000000000000e+00
3.797260000000000000e+05 9.000000000000000000e+00
3.798260000000000000e+05 5.000000000000000000e+00
3.799260000000000000e+05 8.000000000000000000e+00
3.800260000000000000e+05 7.000000000000000000e+00
3.801260000000000000e+05 7.000000000000000000e+00
3.802260000000000000e+05 8.000000000000000000e+00
3.803260000000000000e+05 8.000000000000000000e+00
