3.779810000000000000e+05 1.689655000000000000e+06
3.780810000000000000e+05 1.690822000000000000e+06
3.781810000000000000e+05 9.931230000000000000e+05
3.782810000000000000e+05 2.677800000000000000e+04
3.783810000000000000e+05 1.792400000000000000e+04
3.784810000000000000e+05 1.776500000000000000e+04
3.785810000000000000e+05 1.804600000000000000e+04
3.786810000000000000e+05 1.804900000000000000e+04
3.787810000000000000e+05 2.149500000000000000e+04
3.788810000000000000e+05 4.801900000000000000e+04
3.789810000000000000e+05 4.366200000000000000e+04
3.790810000000000000e+05 3.131400000000000000e+04
3.791810000000000000e+05 1.826300000000000000e+04
3.792810000000000000e+05 1.787100000000000000e+04
3.793810000000000000e+05 1.799300000000000000e+04
3.794810000000000000e+05 1.511030000000000000e+05
3.795810000000000000e+05 1.621692000000000000e+06
3.796810000000000000e+05 1.655811000000000000e+06
3.797810000000000000e+05 1.619194000000000000e+06
3.798810000000000000e+05 1.674396000000000000e+06
