0.000000000000000000e+00 5.141141000000000000e+06 5.000080000000000000e+05
1.000000000000000000e+00 5.771327000000000000e+06 5.000080000000000000e+05
2.000000000000000000e+00 5.926812000000000000e+06 5.000120000000000000e+05
3.000000000000000000e+00 5.417640000000000000e+06 5.000120000000000000e+05
4.000000000000000000e+00 5.272568000000000000e+06 5.000080000000000000e+05
5.000000000000000000e+00 4.720882000000000000e+06 5.000120000000000000e+05
6.000000000000000000e+00 5.287706000000000000e+06 5.000120000000000000e+05
7.000000000000000000e+00 5.276104000000000000e+06 5.000080000000000000e+05
8.000000000000000000e+00 4.926359000000000000e+06 5.000080000000000000e+05
9.000000000000000000e+00 3.945509000000000000e+06 5.000080000000000000e+05
