3.597860000000000000e+05 2.790000000000000000e+04
3.598860000000000000e+05 2.774500000000000000e+04
3.599860000000000000e+05 2.802000000000000000e+04
3.600860000000000000e+05 2.775200000000000000e+04
3.601860000000000000e+05 2.779600000000000000e+04
3.602860000000000000e+05 2.812800000000000000e+04
3.603860000000000000e+05 2.795400000000000000e+04
3.604860000000000000e+05 2.829800000000000000e+04
3.605860000000000000e+05 2.775200000000000000e+04
3.606860000000000000e+05 2.778100000000000000e+04
3.607860000000000000e+05 2.828900000000000000e+04
3.608860000000000000e+05 2.796700000000000000e+04
3.609860000000000000e+05 2.785400000000000000e+04
3.610860000000000000e+05 2.802000000000000000e+04
3.611860000000000000e+05 2.764500000000000000e+04
3.612860000000000000e+05 2.794800000000000000e+04
3.613860000000000000e+05 2.784600000000000000e+04
3.614860000000000000e+05 2.789700000000000000e+04
3.615860000000000000e+05 2.791900000000000000e+04
3.616860000000000000e+05 2.788400000000000000e+04
