3.606860000000000000e+05 2.796700000000000000e+04
3.607860000000000000e+05 2.779000000000000000e+04
3.608860000000000000e+05 2.800100000000000000e+04
3.609860000000000000e+05 2.789100000000000000e+04
3.610860000000000000e+05 2.777800000000000000e+04
3.611860000000000000e+05 2.705900000000000000e+04
3.612860000000000000e+05 2.736500000000000000e+04
3.613860000000000000e+05 2.719200000000000000e+04
3.614860000000000000e+05 2.747800000000000000e+04
3.615860000000000000e+05 2.719600000000000000e+04
3.616860000000000000e+05 2.740200000000000000e+04
3.617860000000000000e+05 2.753700000000000000e+04
3.618860000000000000e+05 2.728700000000000000e+04
3.619860000000000000e+05 2.777900000000000000e+04
3.620860000000000000e+05 2.742900000000000000e+04
3.621860000000000000e+05 2.773100000000000000e+04
3.622860000000000000e+05 2.740800000000000000e+04
3.623860000000000000e+05 2.679000000000000000e+04
3.624860000000000000e+05 2.715900000000000000e+04
3.625860000000000000e+05 2.739100000000000000e+04
