3.741310000000000000e+05 6.290000000000000000e+03
3.741810000000000000e+05 5.932000000000000000e+03
3.742310000000000000e+05 5.869000000000000000e+03
3.742810000000000000e+05 6.144000000000000000e+03
3.743310000000000000e+05 5.825000000000000000e+03
3.743810000000000000e+05 5.880000000000000000e+03
3.744310000000000000e+05 5.920000000000000000e+03
3.744810000000000000e+05 5.959000000000000000e+03
3.745310000000000000e+05 6.295000000000000000e+03
3.745810000000000000e+05 6.678000000000000000e+03
3.746310000000000000e+05 6.253000000000000000e+03
3.746810000000000000e+05 6.051000000000000000e+03
3.747310000000000000e+05 6.252000000000000000e+03
3.747810000000000000e+05 6.632000000000000000e+03
3.748310000000000000e+05 6.982000000000000000e+03
3.748810000000000000e+05 6.707000000000000000e+03
3.749310000000000000e+05 6.528000000000000000e+03
3.749810000000000000e+05 6.323000000000000000e+03
3.750310000000000000e+05 6.335000000000000000e+03
3.750810000000000000e+05 6.140000000000000000e+03
3.751310000000000000e+05 5.990000000000000000e+03
3.751810000000000000e+05 5.933000000000000000e+03
3.752310000000000000e+05 5.852000000000000000e+03
3.752810000000000000e+05 6.415000000000000000e+03
3.753310000000000000e+05 6.604000000000000000e+03
3.753810000000000000e+05 6.389000000000000000e+03
3.754310000000000000e+05 6.440000000000000000e+03
3.754810000000000000e+05 6.406000000000000000e+03
3.755310000000000000e+05 6.477000000000000000e+03
3.755810000000000000e+05 6.540000000000000000e+03
3.756310000000000000e+05 6.335000000000000000e+03
3.756810000000000000e+05 5.954000000000000000e+03
3.757310000000000000e+05 5.943000000000000000e+03
3.757810000000000000e+05 5.866000000000000000e+03
3.758310000000000000e+05 5.845000000000000000e+03
3.758810000000000000e+05 5.952000000000000000e+03
3.759310000000000000e+05 6.331000000000000000e+03
3.759810000000000000e+05 6.476000000000000000e+03
3.760310000000000000e+05 6.523000000000000000e+03
3.760810000000000000e+05 6.383000000000000000e+03
3.761310000000000000e+05 5.981000000000000000e+03
3.761810000000000000e+05 5.862000000000000000e+03
3.762310000000000000e+05 5.928000000000000000e+03
3.762810000000000000e+05 6.017000000000000000e+03
3.763310000000000000e+05 5.868000000000000000e+03
3.763810000000000000e+05 5.818000000000000000e+03
3.764310000000000000e+05 5.733000000000000000e+03
3.764810000000000000e+05 5.903000000000000000e+03
3.765310000000000000e+05 5.819000000000000000e+03
3.765810000000000000e+05 5.833000000000000000e+03
3.766310000000000000e+05 5.940000000000000000e+03
3.766810000000000000e+05 5.935000000000000000e+03
3.767310000000000000e+05 5.902000000000000000e+03
3.767810000000000000e+05 5.954000000000000000e+03
3.768310000000000000e+05 6.030000000000000000e+03
3.768810000000000000e+05 5.897000000000000000e+03
3.769310000000000000e+05 5.882000000000000000e+03
3.769810000000000000e+05 5.847000000000000000e+03
3.770310000000000000e+05 5.848000000000000000e+03
3.770810000000000000e+05 5.751000000000000000e+03
3.771310000000000000e+05 5.834000000000000000e+03
3.771810000000000000e+05 6.034000000000000000e+03
3.772310000000000000e+05 5.879000000000000000e+03
3.772810000000000000e+05 5.868000000000000000e+03
3.773310000000000000e+05 5.770000000000000000e+03
3.773810000000000000e+05 5.841000000000000000e+03
3.774310000000000000e+05 6.562000000000000000e+03
3.774810000000000000e+05 6.531000000000000000e+03
3.775310000000000000e+05 6.427000000000000000e+03
3.775810000000000000e+05 6.547000000000000000e+03
3.776310000000000000e+05 6.432000000000000000e+03
3.776810000000000000e+05 6.367000000000000000e+03
3.777310000000000000e+05 6.230000000000000000e+03
3.777810000000000000e+05 6.363000000000000000e+03
3.778310000000000000e+05 6.509000000000000000e+03
3.778810000000000000e+05 6.486000000000000000e+03
3.779310000000000000e+05 6.312000000000000000e+03
3.779810000000000000e+05 6.448000000000000000e+03
3.780310000000000000e+05 6.541000000000000000e+03
3.780810000000000000e+05 6.679000000000000000e+03
3.781310000000000000e+05 6.540000000000000000e+03
3.781810000000000000e+05 6.266000000000000000e+03
3.782310000000000000e+05 6.377000000000000000e+03
3.782810000000000000e+05 6.347000000000000000e+03
3.783310000000000000e+05 6.482000000000000000e+03
3.783810000000000000e+05 6.540000000000000000e+03
3.784310000000000000e+05 6.398000000000000000e+03
3.784810000000000000e+05 6.409000000000000000e+03
3.785310000000000000e+05 6.502000000000000000e+03
3.785810000000000000e+05 6.339000000000000000e+03
3.786310000000000000e+05 6.368000000000000000e+03
3.786810000000000000e+05 6.407000000000000000e+03
3.787310000000000000e+05 6.347000000000000000e+03
3.787810000000000000e+05 6.341000000000000000e+03
3.788310000000000000e+05 6.386000000000000000e+03
3.788810000000000000e+05 6.533000000000000000e+03
3.789310000000000000e+05 6.277000000000000000e+03
3.789810000000000000e+05 6.308000000000000000e+03
3.790310000000000000e+05 6.238000000000000000e+03
3.790810000000000000e+05 6.106000000000000000e+03
3.791310000000000000e+05 5.842000000000000000e+03
3.791810000000000000e+05 6.289000000000000000e+03
3.792310000000000000e+05 6.277000000000000000e+03
3.792810000000000000e+05 6.512000000000000000e+03
3.793310000000000000e+05 6.396000000000000000e+03
3.793810000000000000e+05 6.407000000000000000e+03
3.794310000000000000e+05 6.483000000000000000e+03
3.794810000000000000e+05 6.432000000000000000e+03
3.795310000000000000e+05 6.308000000000000000e+03
3.795810000000000000e+05 6.391000000000000000e+03
3.796310000000000000e+05 5.976000000000000000e+03
3.796810000000000000e+05 6.281000000000000000e+03
3.797310000000000000e+05 6.451000000000000000e+03
3.797810000000000000e+05 6.527000000000000000e+03
3.798310000000000000e+05 6.589000000000000000e+03
3.798810000000000000e+05 6.569000000000000000e+03
3.799310000000000000e+05 6.555000000000000000e+03
3.799810000000000000e+05 6.453000000000000000e+03
3.800310000000000000e+05 6.677000000000000000e+03
3.800810000000000000e+05 6.386000000000000000e+03
3.801310000000000000e+05 6.612000000000000000e+03
3.801810000000000000e+05 6.113000000000000000e+03
3.802310000000000000e+05 5.862000000000000000e+03
3.802810000000000000e+05 5.892000000000000000e+03
3.803310000000000000e+05 5.860000000000000000e+03
3.803810000000000000e+05 6.146000000000000000e+03
3.804310000000000000e+05 6.159000000000000000e+03
3.804810000000000000e+05 6.302000000000000000e+03
3.805310000000000000e+05 6.180000000000000000e+03
3.805810000000000000e+05 6.438000000000000000e+03
3.806310000000000000e+05 6.645000000000000000e+03
3.806810000000000000e+05 6.138000000000000000e+03
3.807310000000000000e+05 6.067000000000000000e+03
3.807810000000000000e+05 6.290000000000000000e+03
3.808310000000000000e+05 5.936000000000000000e+03
3.808810000000000000e+05 6.551000000000000000e+03
3.809310000000000000e+05 6.464000000000000000e+03
3.809810000000000000e+05 6.354000000000000000e+03
3.810310000000000000e+05 6.387000000000000000e+03
3.810810000000000000e+05 6.415000000000000000e+03
3.811310000000000000e+05 6.543000000000000000e+03
3.811810000000000000e+05 6.538000000000000000e+03
3.812310000000000000e+05 6.445000000000000000e+03
3.812810000000000000e+05 6.462000000000000000e+03
3.813310000000000000e+05 6.251000000000000000e+03
3.813810000000000000e+05 6.318000000000000000e+03
3.814310000000000000e+05 6.226000000000000000e+03
3.814810000000000000e+05 6.419000000000000000e+03
3.815310000000000000e+05 6.352000000000000000e+03
3.815810000000000000e+05 6.435000000000000000e+03
3.816310000000000000e+05 6.601000000000000000e+03
3.816810000000000000e+05 6.580000000000000000e+03
3.817310000000000000e+05 6.499000000000000000e+03
3.817810000000000000e+05 6.409000000000000000e+03
3.818310000000000000e+05 6.022000000000000000e+03
3.818810000000000000e+05 6.028000000000000000e+03
3.819310000000000000e+05 6.052000000000000000e+03
3.819810000000000000e+05 5.929000000000000000e+03
3.820310000000000000e+05 6.097000000000000000e+03
3.820810000000000000e+05 6.146000000000000000e+03
3.821310000000000000e+05 5.833000000000000000e+03
3.821810000000000000e+05 5.940000000000000000e+03
3.822310000000000000e+05 5.973000000000000000e+03
3.822810000000000000e+05 5.901000000000000000e+03
3.823310000000000000e+05 5.999000000000000000e+03
3.823810000000000000e+05 5.910000000000000000e+03
3.824310000000000000e+05 6.019000000000000000e+03
3.824810000000000000e+05 5.902000000000000000e+03
3.825310000000000000e+05 5.996000000000000000e+03
3.825810000000000000e+05 6.071000000000000000e+03
3.826310000000000000e+05 6.024000000000000000e+03
3.826810000000000000e+05 6.168000000000000000e+03
3.827310000000000000e+05 6.012000000000000000e+03
3.827810000000000000e+05 5.955000000000000000e+03
3.828310000000000000e+05 6.035000000000000000e+03
3.828810000000000000e+05 6.013000000000000000e+03
3.829310000000000000e+05 5.929000000000000000e+03
3.829810000000000000e+05 6.056000000000000000e+03
3.830310000000000000e+05 5.998000000000000000e+03
3.830810000000000000e+05 6.125000000000000000e+03
3.831310000000000000e+05 6.114000000000000000e+03
3.831810000000000000e+05 5.983000000000000000e+03
3.832310000000000000e+05 6.363000000000000000e+03
3.832810000000000000e+05 5.804000000000000000e+03
3.833310000000000000e+05 6.183000000000000000e+03
3.833810000000000000e+05 6.481000000000000000e+03
3.834310000000000000e+05 6.252000000000000000e+03
3.834810000000000000e+05 6.331000000000000000e+03
3.835310000000000000e+05 6.256000000000000000e+03
3.835810000000000000e+05 6.604000000000000000e+03
3.836310000000000000e+05 6.183000000000000000e+03
3.836810000000000000e+05 5.982000000000000000e+03
3.837310000000000000e+05 6.429000000000000000e+03
3.837810000000000000e+05 6.368000000000000000e+03
3.838310000000000000e+05 6.442000000000000000e+03
3.838810000000000000e+05 6.211000000000000000e+03
3.839310000000000000e+05 6.377000000000000000e+03
3.839810000000000000e+05 6.317000000000000000e+03
3.840310000000000000e+05 6.347000000000000000e+03
3.840810000000000000e+05 6.420000000000000000e+03
3.841310000000000000e+05 6.344000000000000000e+03
3.841810000000000000e+05 6.200000000000000000e+03
3.842310000000000000e+05 6.043000000000000000e+03
3.842810000000000000e+05 6.397000000000000000e+03
3.843310000000000000e+05 6.411000000000000000e+03
3.843810000000000000e+05 6.441000000000000000e+03
3.844310000000000000e+05 6.617000000000000000e+03
3.844810000000000000e+05 6.294000000000000000e+03
3.845310000000000000e+05 5.736000000000000000e+03
3.845810000000000000e+05 6.113000000000000000e+03
3.846310000000000000e+05 6.189000000000000000e+03
3.846810000000000000e+05 6.336000000000000000e+03
3.847310000000000000e+05 5.956000000000000000e+03
3.847810000000000000e+05 6.538000000000000000e+03
3.848310000000000000e+05 6.145000000000000000e+03
3.848810000000000000e+05 6.178000000000000000e+03
3.849310000000000000e+05 6.422000000000000000e+03
3.849810000000000000e+05 6.384000000000000000e+03
3.850310000000000000e+05 6.229000000000000000e+03
3.850810000000000000e+05 6.312000000000000000e+03
