-1.000000000000000000e+02 1.134400000000000000e+04 5.000080000000000000e+05
-9.900000000000000000e+01 1.102800000000000000e+04 5.000080000000000000e+05
-9.800000000000000000e+01 1.071900000000000000e+04 5.000120000000000000e+05
-9.700000000000000000e+01 1.047600000000000000e+04 5.000080000000000000e+05
-9.600000000000000000e+01 1.063400000000000000e+04 5.000080000000000000e+05
-9.500000000000000000e+01 1.054000000000000000e+04 5.000120000000000000e+05
-9.400000000000000000e+01 1.046700000000000000e+04 5.000120000000000000e+05
-9.300000000000000000e+01 1.073900000000000000e+04 5.000080000000000000e+05
-9.200000000000000000e+01 1.028600000000000000e+04 5.000120000000000000e+05
-9.100000000000000000e+01 1.039700000000000000e+04 5.000080000000000000e+05
-9.000000000000000000e+01 1.035200000000000000e+04 5.000120000000000000e+05
-8.900000000000000000e+01 1.082100000000000000e+04 5.000080000000000000e+05
-8.800000000000000000e+01 1.088600000000000000e+04 5.000080000000000000e+05
-8.700000000000000000e+01 1.108100000000000000e+04 5.000080000000000000e+05
-8.600000000000000000e+01 1.109400000000000000e+04 5.000080000000000000e+05
-8.500000000000000000e+01 1.140500000000000000e+04 5.000120000000000000e+05
-8.400000000000000000e+01 1.114400000000000000e+04 5.000080000000000000e+05
-8.300000000000000000e+01 1.142900000000000000e+04 5.000080000000000000e+05
-8.200000000000000000e+01 1.139200000000000000e+04 5.000120000000000000e+05
-8.100000000000000000e+01 1.186500000000000000e+04 5.000080000000000000e+05
-8.000000000000000000e+01 1.184200000000000000e+04 5.000160000000000000e+05
-7.900000000000000000e+01 1.187900000000000000e+04 5.000080000000000000e+05
-7.800000000000000000e+01 1.186000000000000000e+04 5.000120000000000000e+05
-7.700000000000000000e+01 1.217500000000000000e+04 5.000120000000000000e+05
-7.600000000000000000e+01 1.219300000000000000e+04 5.000120000000000000e+05
-7.500000000000000000e+01 1.196700000000000000e+04 5.000120000000000000e+05
-7.400000000000000000e+01 1.210800000000000000e+04 5.000120000000000000e+05
-7.300000000000000000e+01 1.244100000000000000e+04 5.000120000000000000e+05
-7.200000000000000000e+01 1.349500000000000000e+04 5.000080000000000000e+05
-7.100000000000000000e+01 1.315100000000000000e+04 5.000080000000000000e+05
-7.000000000000000000e+01 1.345100000000000000e+04 5.000080000000000000e+05
-6.900000000000000000e+01 1.400000000000000000e+04 5.000120000000000000e+05
-6.800000000000000000e+01 1.494000000000000000e+04 5.000080000000000000e+05
-6.700000000000000000e+01 1.402600000000000000e+04 5.000080000000000000e+05
-6.600000000000000000e+01 1.568400000000000000e+04 5.000080000000000000e+05
-6.500000000000000000e+01 1.325400000000000000e+04 5.000120000000000000e+05
-6.400000000000000000e+01 1.374600000000000000e+04 5.000080000000000000e+05
-6.300000000000000000e+01 1.408400000000000000e+04 5.000080000000000000e+05
-6.200000000000000000e+01 1.392500000000000000e+04 5.000120000000000000e+05
-6.100000000000000000e+01 1.453300000000000000e+04 5.000080000000000000e+05
-6.000000000000000000e+01 1.438400000000000000e+04 5.000120000000000000e+05
-5.900000000000000000e+01 1.430200000000000000e+04 5.000120000000000000e+05
-5.800000000000000000e+01 1.371000000000000000e+04 5.000120000000000000e+05
-5.700000000000000000e+01 1.420200000000000000e+04 5.000120000000000000e+05
-5.600000000000000000e+01 1.446400000000000000e+04 5.000080000000000000e+05
-5.500000000000000000e+01 1.433900000000000000e+04 5.000080000000000000e+05
-5.400000000000000000e+01 1.512500000000000000e+04 5.000080000000000000e+05
-5.300000000000000000e+01 1.639500000000000000e+04 5.000080000000000000e+05
-5.200000000000000000e+01 1.620300000000000000e+04 5.000080000000000000e+05
-5.100000000000000000e+01 1.748700000000000000e+04 5.000120000000000000e+05
-5.000000000000000000e+01 1.773700000000000000e+04 5.000120000000000000e+05
-4.900000000000000000e+01 1.717800000000000000e+04 5.000120000000000000e+05
-4.800000000000000000e+01 1.875300000000000000e+04 5.000080000000000000e+05
-4.700000000000000000e+01 1.950200000000000000e+04 5.000080000000000000e+05
-4.600000000000000000e+01 2.065100000000000000e+04 5.000080000000000000e+05
-4.500000000000000000e+01 2.143800000000000000e+04 5.000080000000000000e+05
-4.400000000000000000e+01 2.168300000000000000e+04 5.000080000000000000e+05
-4.300000000000000000e+01 2.005100000000000000e+04 5.000080000000000000e+05
-4.200000000000000000e+01 1.983500000000000000e+04 5.000120000000000000e+05
-4.100000000000000000e+01 1.759300000000000000e+04 5.000120000000000000e+05
-4.000000000000000000e+01 1.686200000000000000e+04 5.000120000000000000e+05
-3.900000000000000000e+01 1.693500000000000000e+04 5.000120000000000000e+05
-3.800000000000000000e+01 1.714900000000000000e+04 5.000120000000000000e+05
-3.700000000000000000e+01 1.848900000000000000e+04 5.000080000000000000e+05
-3.600000000000000000e+01 1.949400000000000000e+04 5.000120000000000000e+05
-3.500000000000000000e+01 2.027200000000000000e+04 5.000120000000000000e+05
-3.400000000000000000e+01 2.074600000000000000e+04 5.000120000000000000e+05
-3.300000000000000000e+01 2.218800000000000000e+04 5.000120000000000000e+05
-3.200000000000000000e+01 2.525700000000000000e+04 5.000080000000000000e+05
-3.100000000000000000e+01 3.892000000000000000e+04 5.000120000000000000e+05
-3.000000000000000000e+01 6.697300000000000000e+04 5.000080000000000000e+05
-2.900000000000000000e+01 1.282150000000000000e+05 5.000080000000000000e+05
-2.800000000000000000e+01 1.851970000000000000e+05 5.000080000000000000e+05
-2.700000000000000000e+01 2.365070000000000000e+05 5.000080000000000000e+05
-2.600000000000000000e+01 2.644170000000000000e+05 5.000120000000000000e+05
-2.500000000000000000e+01 3.836950000000000000e+05 5.000120000000000000e+05
-2.400000000000000000e+01 4.927020000000000000e+05 5.000080000000000000e+05
-2.300000000000000000e+01 6.202190000000000000e+05 5.000120000000000000e+05
-2.200000000000000000e+01 6.305230000000000000e+05 5.000120000000000000e+05
-2.100000000000000000e+01 6.625950000000000000e+05 5.000120000000000000e+05
-2.000000000000000000e+01 7.164750000000000000e+05 5.000080000000000000e+05
-1.900000000000000000e+01 6.593030000000000000e+05 5.000080000000000000e+05
-1.800000000000000000e+01 6.323270000000000000e+05 5.000080000000000000e+05
-1.700000000000000000e+01 6.216510000000000000e+05 5.000120000000000000e+05
-1.600000000000000000e+01 6.073990000000000000e+05 5.000080000000000000e+05
-1.500000000000000000e+01 6.722510000000000000e+05 5.000120000000000000e+05
-1.400000000000000000e+01 8.017480000000000000e+05 5.000080000000000000e+05
-1.300000000000000000e+01 7.890210000000000000e+05 5.000080000000000000e+05
-1.200000000000000000e+01 9.077020000000000000e+05 5.000120000000000000e+05
-1.100000000000000000e+01 1.009321000000000000e+06 5.000160000000000000e+05
-1.000000000000000000e+01 1.018965000000000000e+06 5.000120000000000000e+05
-9.000000000000000000e+00 1.214975000000000000e+06 5.000080000000000000e+05
-8.000000000000000000e+00 1.591323000000000000e+06 5.000120000000000000e+05
-7.000000000000000000e+00 1.848841000000000000e+06 5.000120000000000000e+05
-6.000000000000000000e+00 2.120137000000000000e+06 5.000080000000000000e+05
-5.000000000000000000e+00 2.993356000000000000e+06 5.000120000000000000e+05
-4.000000000000000000e+00 3.817386000000000000e+06 5.000080000000000000e+05
-3.000000000000000000e+00 4.551523000000000000e+06 5.000080000000000000e+05
-2.000000000000000000e+00 4.715618000000000000e+06 5.000080000000000000e+05
-1.000000000000000000e+00 4.814690000000000000e+06 5.000120000000000000e+05
0.000000000000000000e+00 4.928156000000000000e+06 5.000120000000000000e+05
1.000000000000000000e+00 4.888390000000000000e+06 5.000120000000000000e+05
2.000000000000000000e+00 4.695384000000000000e+06 5.000120000000000000e+05
3.000000000000000000e+00 4.313017000000000000e+06 5.000120000000000000e+05
4.000000000000000000e+00 4.042394000000000000e+06 5.000120000000000000e+05
5.000000000000000000e+00 3.915705000000000000e+06 5.000080000000000000e+05
6.000000000000000000e+00 4.137400000000000000e+06 5.000120000000000000e+05
7.000000000000000000e+00 4.216073000000000000e+06 5.000120000000000000e+05
8.000000000000000000e+00 4.219554000000000000e+06 5.000080000000000000e+05
9.000000000000000000e+00 3.965829000000000000e+06 5.000120000000000000e+05
1.000000000000000000e+01 3.585281000000000000e+06 5.000080000000000000e+05
1.100000000000000000e+01 3.716032000000000000e+06 5.000120000000000000e+05
1.200000000000000000e+01 3.228156000000000000e+06 5.000120000000000000e+05
1.300000000000000000e+01 3.070704000000000000e+06 5.000120000000000000e+05
1.400000000000000000e+01 2.847288000000000000e+06 5.000080000000000000e+05
1.500000000000000000e+01 1.998849000000000000e+06 5.000080000000000000e+05
1.600000000000000000e+01 1.633592000000000000e+06 5.000120000000000000e+05
1.700000000000000000e+01 1.445330000000000000e+06 5.000080000000000000e+05
1.800000000000000000e+01 1.256973000000000000e+06 5.000080000000000000e+05
1.900000000000000000e+01 9.075490000000000000e+05 5.000080000000000000e+05
2.000000000000000000e+01 7.518520000000000000e+05 5.000120000000000000e+05
2.100000000000000000e+01 6.888180000000000000e+05 5.000120000000000000e+05
2.200000000000000000e+01 6.694820000000000000e+05 5.000080000000000000e+05
2.300000000000000000e+01 6.213630000000000000e+05 5.000080000000000000e+05
2.400000000000000000e+01 5.212950000000000000e+05 5.000080000000000000e+05
2.500000000000000000e+01 3.488940000000000000e+05 5.000080000000000000e+05
2.600000000000000000e+01 2.154880000000000000e+05 5.000080000000000000e+05
2.700000000000000000e+01 1.827890000000000000e+05 5.000120000000000000e+05
2.800000000000000000e+01 1.471100000000000000e+05 5.000080000000000000e+05
2.900000000000000000e+01 1.378870000000000000e+05 5.000080000000000000e+05
3.000000000000000000e+01 1.349610000000000000e+05 5.000120000000000000e+05
3.100000000000000000e+01 1.319000000000000000e+05 5.000120000000000000e+05
3.200000000000000000e+01 7.632000000000000000e+04 5.000120000000000000e+05
3.300000000000000000e+01 6.731000000000000000e+04 5.000120000000000000e+05
3.400000000000000000e+01 6.521400000000000000e+04 5.000080000000000000e+05
3.500000000000000000e+01 6.264500000000000000e+04 5.000120000000000000e+05
3.600000000000000000e+01 5.054000000000000000e+04 5.000080000000000000e+05
3.700000000000000000e+01 5.424000000000000000e+04 5.000120000000000000e+05
3.800000000000000000e+01 5.375900000000000000e+04 5.000120000000000000e+05
3.900000000000000000e+01 5.370100000000000000e+04 5.000120000000000000e+05
4.000000000000000000e+01 5.035000000000000000e+04 5.000120000000000000e+05
4.100000000000000000e+01 4.884100000000000000e+04 5.000080000000000000e+05
4.200000000000000000e+01 4.662800000000000000e+04 5.000120000000000000e+05
4.300000000000000000e+01 4.819200000000000000e+04 5.000120000000000000e+05
4.400000000000000000e+01 4.548600000000000000e+04 5.000080000000000000e+05
4.500000000000000000e+01 4.194500000000000000e+04 5.000120000000000000e+05
4.600000000000000000e+01 4.002900000000000000e+04 5.000080000000000000e+05
4.700000000000000000e+01 4.247800000000000000e+04 5.000080000000000000e+05
4.800000000000000000e+01 4.535300000000000000e+04 5.000080000000000000e+05
4.900000000000000000e+01 4.421100000000000000e+04 5.000120000000000000e+05
5.000000000000000000e+01 4.219400000000000000e+04 5.000080000000000000e+05
5.100000000000000000e+01 4.208000000000000000e+04 5.000120000000000000e+05
5.200000000000000000e+01 4.430900000000000000e+04 5.000120000000000000e+05
5.300000000000000000e+01 4.101000000000000000e+04 5.000120000000000000e+05
5.400000000000000000e+01 3.870600000000000000e+04 5.000120000000000000e+05
5.500000000000000000e+01 3.914700000000000000e+04 5.000080000000000000e+05
5.600000000000000000e+01 3.681900000000000000e+04 5.000080000000000000e+05
5.700000000000000000e+01 3.905400000000000000e+04 5.000120000000000000e+05
5.800000000000000000e+01 3.895000000000000000e+04 5.000120000000000000e+05
5.900000000000000000e+01 3.660100000000000000e+04 5.000120000000000000e+05
6.000000000000000000e+01 3.633400000000000000e+04 5.000080000000000000e+05
6.100000000000000000e+01 3.670300000000000000e+04 5.000080000000000000e+05
6.200000000000000000e+01 3.666100000000000000e+04 5.000120000000000000e+05
6.300000000000000000e+01 3.605000000000000000e+04 5.000080000000000000e+05
6.400000000000000000e+01 3.770900000000000000e+04 5.000080000000000000e+05
6.500000000000000000e+01 3.689300000000000000e+04 5.000120000000000000e+05
6.600000000000000000e+01 3.808600000000000000e+04 5.000120000000000000e+05
6.700000000000000000e+01 3.979300000000000000e+04 5.000120000000000000e+05
6.800000000000000000e+01 4.267600000000000000e+04 5.000080000000000000e+05
6.900000000000000000e+01 4.553400000000000000e+04 5.000120000000000000e+05
7.000000000000000000e+01 4.497000000000000000e+04 5.000120000000000000e+05
7.100000000000000000e+01 4.953100000000000000e+04 5.000080000000000000e+05
7.200000000000000000e+01 5.713300000000000000e+04 5.000120000000000000e+05
7.300000000000000000e+01 6.645600000000000000e+04 5.000080000000000000e+05
7.400000000000000000e+01 7.124500000000000000e+04 5.000080000000000000e+05
7.500000000000000000e+01 7.201300000000000000e+04 5.000120000000000000e+05
7.600000000000000000e+01 7.242600000000000000e+04 5.000080000000000000e+05
7.700000000000000000e+01 7.230700000000000000e+04 5.000120000000000000e+05
7.800000000000000000e+01 6.980600000000000000e+04 5.000120000000000000e+05
7.900000000000000000e+01 6.697900000000000000e+04 5.000080000000000000e+05
8.000000000000000000e+01 6.042400000000000000e+04 5.000120000000000000e+05
8.100000000000000000e+01 5.504200000000000000e+04 5.000080000000000000e+05
8.200000000000000000e+01 5.106000000000000000e+04 5.000080000000000000e+05
8.300000000000000000e+01 4.692600000000000000e+04 5.000120000000000000e+05
8.400000000000000000e+01 4.334000000000000000e+04 5.000120000000000000e+05
8.500000000000000000e+01 4.208600000000000000e+04 5.000080000000000000e+05
8.600000000000000000e+01 4.160700000000000000e+04 5.000120000000000000e+05
8.700000000000000000e+01 3.706200000000000000e+04 5.000080000000000000e+05
8.800000000000000000e+01 3.416800000000000000e+04 5.000080000000000000e+05
8.900000000000000000e+01 3.234100000000000000e+04 5.000120000000000000e+05
9.000000000000000000e+01 3.179400000000000000e+04 5.000120000000000000e+05
9.100000000000000000e+01 3.113800000000000000e+04 5.000080000000000000e+05
9.200000000000000000e+01 3.015100000000000000e+04 5.000080000000000000e+05
9.300000000000000000e+01 2.963900000000000000e+04 5.000120000000000000e+05
9.400000000000000000e+01 3.015900000000000000e+04 5.000080000000000000e+05
9.500000000000000000e+01 2.986600000000000000e+04 5.000120000000000000e+05
9.600000000000000000e+01 2.996300000000000000e+04 5.000120000000000000e+05
9.700000000000000000e+01 2.987900000000000000e+04 5.000120000000000000e+05
9.800000000000000000e+01 3.002600000000000000e+04 5.000080000000000000e+05
9.900000000000000000e+01 3.032700000000000000e+04 5.000080000000000000e+05
