3.588860000000000000e+05 2.546600000000000000e+04
3.589860000000000000e+05 2.604000000000000000e+04
3.590860000000000000e+05 2.556700000000000000e+04
3.591860000000000000e+05 2.575000000000000000e+04
3.592860000000000000e+05 2.576300000000000000e+04
3.593860000000000000e+05 2.569900000000000000e+04
3.594860000000000000e+05 2.530000000000000000e+04
3.595860000000000000e+05 2.547500000000000000e+04
3.596860000000000000e+05 2.576700000000000000e+04
3.597860000000000000e+05 2.589800000000000000e+04
3.598860000000000000e+05 2.525600000000000000e+04
3.599860000000000000e+05 2.581700000000000000e+04
3.600860000000000000e+05 2.555500000000000000e+04
3.601860000000000000e+05 2.580100000000000000e+04
3.602860000000000000e+05 2.535900000000000000e+04
3.603860000000000000e+05 2.551100000000000000e+04
3.604860000000000000e+05 2.600400000000000000e+04
3.605860000000000000e+05 2.587100000000000000e+04
3.606860000000000000e+05 2.556900000000000000e+04
3.607860000000000000e+05 2.567800000000000000e+04
