3.779810000000000000e+05 3.982000000000000000e+03
3.780060000000000000e+05 3.802000000000000000e+03
3.780310000000000000e+05 3.805000000000000000e+03
3.780560000000000000e+05 4.142000000000000000e+03
3.780810000000000000e+05 3.928000000000000000e+03
3.781060000000000000e+05 3.851000000000000000e+03
3.781310000000000000e+05 3.630000000000000000e+03
3.781560000000000000e+05 3.720000000000000000e+03
3.781810000000000000e+05 3.599000000000000000e+03
3.782060000000000000e+05 4.120000000000000000e+03
3.782310000000000000e+05 3.856000000000000000e+03
3.782560000000000000e+05 3.788000000000000000e+03
3.782810000000000000e+05 3.806000000000000000e+03
3.783060000000000000e+05 3.953000000000000000e+03
3.783310000000000000e+05 4.343000000000000000e+03
3.783560000000000000e+05 4.098000000000000000e+03
3.783810000000000000e+05 3.935000000000000000e+03
3.784060000000000000e+05 4.155000000000000000e+03
3.784310000000000000e+05 4.128000000000000000e+03
3.784560000000000000e+05 4.120000000000000000e+03
3.784810000000000000e+05 3.962000000000000000e+03
3.785060000000000000e+05 4.036000000000000000e+03
3.785310000000000000e+05 4.184000000000000000e+03
3.785560000000000000e+05 4.629000000000000000e+03
3.785810000000000000e+05 4.707000000000000000e+03
3.786060000000000000e+05 4.701000000000000000e+03
3.786310000000000000e+05 5.194000000000000000e+03
3.786560000000000000e+05 5.388000000000000000e+03
3.786810000000000000e+05 5.894000000000000000e+03
3.787060000000000000e+05 6.793000000000000000e+03
3.787310000000000000e+05 7.918000000000000000e+03
3.787560000000000000e+05 1.001000000000000000e+04
3.787810000000000000e+05 1.082100000000000000e+04
3.788060000000000000e+05 1.595100000000000000e+04
3.788310000000000000e+05 3.329200000000000000e+04
3.788560000000000000e+05 3.992200000000000000e+04
3.788810000000000000e+05 4.296600000000000000e+04
3.789060000000000000e+05 3.766500000000000000e+04
3.789310000000000000e+05 4.183700000000000000e+04
3.789560000000000000e+05 5.389900000000000000e+04
3.789810000000000000e+05 4.295500000000000000e+04
3.790060000000000000e+05 2.240300000000000000e+04
3.790310000000000000e+05 1.556700000000000000e+04
3.790560000000000000e+05 1.413300000000000000e+04
3.790810000000000000e+05 1.257300000000000000e+04
3.791060000000000000e+05 1.119500000000000000e+04
3.791310000000000000e+05 1.019000000000000000e+04
3.791560000000000000e+05 8.885000000000000000e+03
3.791810000000000000e+05 8.085000000000000000e+03
3.792060000000000000e+05 7.406000000000000000e+03
3.792310000000000000e+05 7.615000000000000000e+03
3.792560000000000000e+05 6.976000000000000000e+03
3.792810000000000000e+05 5.861000000000000000e+03
3.793060000000000000e+05 5.097000000000000000e+03
3.793310000000000000e+05 4.923000000000000000e+03
3.793560000000000000e+05 4.778000000000000000e+03
3.793810000000000000e+05 4.773000000000000000e+03
3.794060000000000000e+05 4.562000000000000000e+03
3.794310000000000000e+05 4.394000000000000000e+03
3.794560000000000000e+05 4.480000000000000000e+03
3.794810000000000000e+05 4.435000000000000000e+03
3.795060000000000000e+05 4.219000000000000000e+03
3.795310000000000000e+05 4.451000000000000000e+03
3.795560000000000000e+05 4.183000000000000000e+03
3.795810000000000000e+05 4.167000000000000000e+03
3.796060000000000000e+05 4.117000000000000000e+03
3.796310000000000000e+05 4.013000000000000000e+03
3.796560000000000000e+05 3.902000000000000000e+03
3.796810000000000000e+05 3.950000000000000000e+03
3.797060000000000000e+05 3.755000000000000000e+03
3.797310000000000000e+05 4.080000000000000000e+03
3.797560000000000000e+05 4.043000000000000000e+03
3.797810000000000000e+05 4.140000000000000000e+03
3.798060000000000000e+05 4.358000000000000000e+03
3.798310000000000000e+05 4.089000000000000000e+03
3.798560000000000000e+05 3.786000000000000000e+03
3.798810000000000000e+05 4.017000000000000000e+03
3.799060000000000000e+05 4.014000000000000000e+03
3.799310000000000000e+05 4.240000000000000000e+03
3.799560000000000000e+05 4.371000000000000000e+03
