0.000000000000000000e+00 2.145959000000000000e+06 2.000120000000000000e+05
2.000000000000000000e+00 2.394823000000000000e+06 2.000120000000000000e+05
4.000000000000000000e+00 1.971905000000000000e+06 2.000080000000000000e+05
6.000000000000000000e+00 2.136354000000000000e+06 2.000080000000000000e+05
8.000000000000000000e+00 1.936848000000000000e+06 2.000080000000000000e+05
1.000000000000000000e+01 1.408293000000000000e+06 2.000080000000000000e+05
1.200000000000000000e+01 1.328180000000000000e+06 2.000120000000000000e+05
1.400000000000000000e+01 1.283363000000000000e+06 2.000080000000000000e+05
1.600000000000000000e+01 9.022440000000000000e+05 2.000080000000000000e+05
1.800000000000000000e+01 7.508410000000000000e+05 2.000080000000000000e+05
2.000000000000000000e+01 4.350270000000000000e+05 2.000080000000000000e+05
2.200000000000000000e+01 3.686010000000000000e+05 2.000120000000000000e+05
2.400000000000000000e+01 2.697840000000000000e+05 2.000080000000000000e+05
2.600000000000000000e+01 1.732560000000000000e+05 2.000080000000000000e+05
2.800000000000000000e+01 1.025350000000000000e+05 2.000120000000000000e+05
3.000000000000000000e+01 8.225100000000000000e+04 2.000080000000000000e+05
3.200000000000000000e+01 5.264800000000000000e+04 2.000120000000000000e+05
3.400000000000000000e+01 3.941100000000000000e+04 2.000120000000000000e+05
3.600000000000000000e+01 3.334000000000000000e+04 2.000080000000000000e+05
3.800000000000000000e+01 3.046500000000000000e+04 2.000120000000000000e+05
4.000000000000000000e+01 2.541300000000000000e+04 2.000120000000000000e+05
4.200000000000000000e+01 2.105500000000000000e+04 2.000080000000000000e+05
4.400000000000000000e+01 2.167400000000000000e+04 2.000080000000000000e+05
4.600000000000000000e+01 2.141000000000000000e+04 2.000120000000000000e+05
4.800000000000000000e+01 1.876900000000000000e+04 2.000080000000000000e+05
5.000000000000000000e+01 1.882800000000000000e+04 2.000120000000000000e+05
5.200000000000000000e+01 1.837400000000000000e+04 2.000120000000000000e+05
5.400000000000000000e+01 1.805000000000000000e+04 2.000120000000000000e+05
5.600000000000000000e+01 1.642800000000000000e+04 2.000080000000000000e+05
5.800000000000000000e+01 1.573800000000000000e+04 2.000120000000000000e+05
6.000000000000000000e+01 1.512500000000000000e+04 2.000080000000000000e+05
6.200000000000000000e+01 1.534000000000000000e+04 2.000120000000000000e+05
6.400000000000000000e+01 1.608100000000000000e+04 2.000080000000000000e+05
6.600000000000000000e+01 1.622900000000000000e+04 2.000120000000000000e+05
6.800000000000000000e+01 1.810700000000000000e+04 2.000120000000000000e+05
7.000000000000000000e+01 1.868800000000000000e+04 2.000120000000000000e+05
7.200000000000000000e+01 2.417300000000000000e+04 2.000120000000000000e+05
7.400000000000000000e+01 3.087100000000000000e+04 2.000080000000000000e+05
7.600000000000000000e+01 3.268200000000000000e+04 2.000120000000000000e+05
7.800000000000000000e+01 3.205600000000000000e+04 2.000120000000000000e+05
8.000000000000000000e+01 2.807600000000000000e+04 2.000080000000000000e+05
8.200000000000000000e+01 2.329100000000000000e+04 2.000080000000000000e+05
8.400000000000000000e+01 1.982500000000000000e+04 2.000080000000000000e+05
8.600000000000000000e+01 1.846900000000000000e+04 2.000080000000000000e+05
8.800000000000000000e+01 1.602400000000000000e+04 2.000080000000000000e+05
9.000000000000000000e+01 1.424500000000000000e+04 2.000120000000000000e+05
9.200000000000000000e+01 1.318700000000000000e+04 2.000080000000000000e+05
9.400000000000000000e+01 1.309300000000000000e+04 2.000080000000000000e+05
9.600000000000000000e+01 1.300300000000000000e+04 2.000120000000000000e+05
9.800000000000000000e+01 1.278700000000000000e+04 2.000080000000000000e+05
1.000000000000000000e+02 1.317600000000000000e+04 2.000080000000000000e+05
1.020000000000000000e+02 1.324200000000000000e+04 2.000080000000000000e+05
1.040000000000000000e+02 1.478100000000000000e+04 2.000080000000000000e+05
1.060000000000000000e+02 1.943400000000000000e+04 2.000080000000000000e+05
1.080000000000000000e+02 2.381600000000000000e+04 2.000120000000000000e+05
1.100000000000000000e+02 2.518900000000000000e+04 2.000120000000000000e+05
1.120000000000000000e+02 2.765900000000000000e+04 2.000080000000000000e+05
1.140000000000000000e+02 2.584000000000000000e+04 2.000080000000000000e+05
1.160000000000000000e+02 2.246900000000000000e+04 2.000080000000000000e+05
1.180000000000000000e+02 2.068400000000000000e+04 2.000160000000000000e+05
1.200000000000000000e+02 1.720700000000000000e+04 2.000120000000000000e+05
1.220000000000000000e+02 1.377300000000000000e+04 2.000120000000000000e+05
1.240000000000000000e+02 1.205400000000000000e+04 2.000120000000000000e+05
1.260000000000000000e+02 1.147700000000000000e+04 2.000120000000000000e+05
1.280000000000000000e+02 9.764000000000000000e+03 2.000120000000000000e+05
1.300000000000000000e+02 8.169000000000000000e+03 2.000080000000000000e+05
1.320000000000000000e+02 6.945000000000000000e+03 2.000120000000000000e+05
1.340000000000000000e+02 6.785000000000000000e+03 2.000080000000000000e+05
1.360000000000000000e+02 5.690000000000000000e+03 2.000160000000000000e+05
1.380000000000000000e+02 5.083000000000000000e+03 2.000080000000000000e+05
1.400000000000000000e+02 4.489000000000000000e+03 2.000080000000000000e+05
1.420000000000000000e+02 4.374000000000000000e+03 2.000080000000000000e+05
1.440000000000000000e+02 3.932000000000000000e+03 2.000080000000000000e+05
1.460000000000000000e+02 3.675000000000000000e+03 2.000080000000000000e+05
1.480000000000000000e+02 3.675000000000000000e+03 2.000160000000000000e+05
1.500000000000000000e+02 3.548000000000000000e+03 2.000080000000000000e+05
1.520000000000000000e+02 3.586000000000000000e+03 2.000120000000000000e+05
1.540000000000000000e+02 3.329000000000000000e+03 2.000080000000000000e+05
1.560000000000000000e+02 3.156000000000000000e+03 2.000080000000000000e+05
1.580000000000000000e+02 3.061000000000000000e+03 2.000080000000000000e+05
1.600000000000000000e+02 3.205000000000000000e+03 2.000080000000000000e+05
1.620000000000000000e+02 3.277000000000000000e+03 2.000120000000000000e+05
1.640000000000000000e+02 3.104000000000000000e+03 2.000080000000000000e+05
1.660000000000000000e+02 3.200000000000000000e+03 2.000080000000000000e+05
1.680000000000000000e+02 3.135000000000000000e+03 2.000120000000000000e+05
1.700000000000000000e+02 3.359000000000000000e+03 2.000080000000000000e+05
1.720000000000000000e+02 3.189000000000000000e+03 2.000120000000000000e+05
1.740000000000000000e+02 3.238000000000000000e+03 2.000080000000000000e+05
1.760000000000000000e+02 3.165000000000000000e+03 2.000080000000000000e+05
1.780000000000000000e+02 3.025000000000000000e+03 2.000120000000000000e+05
1.800000000000000000e+02 3.092000000000000000e+03 2.000120000000000000e+05
1.820000000000000000e+02 3.009000000000000000e+03 2.000120000000000000e+05
1.840000000000000000e+02 2.903000000000000000e+03 2.000120000000000000e+05
1.860000000000000000e+02 3.106000000000000000e+03 2.000080000000000000e+05
1.880000000000000000e+02 2.996000000000000000e+03 2.000120000000000000e+05
1.900000000000000000e+02 3.067000000000000000e+03 2.000080000000000000e+05
1.920000000000000000e+02 2.976000000000000000e+03 2.000080000000000000e+05
1.940000000000000000e+02 3.098000000000000000e+03 2.000080000000000000e+05
1.960000000000000000e+02 3.137000000000000000e+03 2.000120000000000000e+05
1.980000000000000000e+02 3.205000000000000000e+03 2.000120000000000000e+05
2.000000000000000000e+02 3.049000000000000000e+03 2.000080000000000000e+05
2.020000000000000000e+02 2.972000000000000000e+03 2.000080000000000000e+05
2.040000000000000000e+02 2.884000000000000000e+03 2.000120000000000000e+05
2.060000000000000000e+02 2.838000000000000000e+03 2.000080000000000000e+05
2.080000000000000000e+02 2.797000000000000000e+03 2.000120000000000000e+05
2.100000000000000000e+02 2.887000000000000000e+03 2.000120000000000000e+05
2.120000000000000000e+02 2.899000000000000000e+03 2.000120000000000000e+05
2.140000000000000000e+02 2.920000000000000000e+03 2.000120000000000000e+05
2.160000000000000000e+02 2.781000000000000000e+03 2.000080000000000000e+05
2.180000000000000000e+02 2.914000000000000000e+03 2.000080000000000000e+05
2.200000000000000000e+02 2.761000000000000000e+03 2.000080000000000000e+05
2.220000000000000000e+02 2.913000000000000000e+03 2.000120000000000000e+05
2.240000000000000000e+02 3.122000000000000000e+03 2.000080000000000000e+05
2.260000000000000000e+02 3.153000000000000000e+03 2.000080000000000000e+05
2.280000000000000000e+02 2.968000000000000000e+03 2.000120000000000000e+05
2.300000000000000000e+02 3.060000000000000000e+03 2.000120000000000000e+05
2.320000000000000000e+02 3.141000000000000000e+03 2.000120000000000000e+05
2.340000000000000000e+02 3.316000000000000000e+03 2.000080000000000000e+05
2.360000000000000000e+02 3.373000000000000000e+03 2.000120000000000000e+05
2.380000000000000000e+02 3.708000000000000000e+03 2.000080000000000000e+05
2.400000000000000000e+02 4.031000000000000000e+03 2.000080000000000000e+05
2.420000000000000000e+02 4.087000000000000000e+03 2.000120000000000000e+05
2.440000000000000000e+02 4.232000000000000000e+03 2.000120000000000000e+05
2.460000000000000000e+02 4.370000000000000000e+03 2.000080000000000000e+05
2.480000000000000000e+02 5.012000000000000000e+03 2.000120000000000000e+05
2.500000000000000000e+02 5.580000000000000000e+03 2.000080000000000000e+05
2.520000000000000000e+02 5.885000000000000000e+03 2.000120000000000000e+05
2.540000000000000000e+02 6.146000000000000000e+03 2.000120000000000000e+05
2.560000000000000000e+02 6.791000000000000000e+03 2.000080000000000000e+05
2.580000000000000000e+02 7.315000000000000000e+03 2.000080000000000000e+05
2.600000000000000000e+02 7.793000000000000000e+03 2.000080000000000000e+05
2.620000000000000000e+02 7.999000000000000000e+03 2.000080000000000000e+05
2.640000000000000000e+02 8.101000000000000000e+03 2.000120000000000000e+05
2.660000000000000000e+02 8.236000000000000000e+03 2.000120000000000000e+05
2.680000000000000000e+02 8.304000000000000000e+03 2.000120000000000000e+05
2.700000000000000000e+02 8.411000000000000000e+03 2.000120000000000000e+05
2.720000000000000000e+02 8.534000000000000000e+03 2.000120000000000000e+05
2.740000000000000000e+02 9.323000000000000000e+03 2.000120000000000000e+05
2.760000000000000000e+02 9.703000000000000000e+03 2.000080000000000000e+05
2.780000000000000000e+02 1.058700000000000000e+04 2.000080000000000000e+05
2.800000000000000000e+02 1.226100000000000000e+04 2.000080000000000000e+05
2.820000000000000000e+02 1.380200000000000000e+04 2.000120000000000000e+05
2.840000000000000000e+02 1.446000000000000000e+04 2.000080000000000000e+05
2.860000000000000000e+02 1.372400000000000000e+04 2.000080000000000000e+05
2.880000000000000000e+02 1.127400000000000000e+04 2.000080000000000000e+05
2.900000000000000000e+02 9.182000000000000000e+03 2.000120000000000000e+05
2.920000000000000000e+02 8.360000000000000000e+03 2.000120000000000000e+05
2.940000000000000000e+02 7.152000000000000000e+03 2.000080000000000000e+05
2.960000000000000000e+02 5.780000000000000000e+03 2.000080000000000000e+05
2.980000000000000000e+02 4.837000000000000000e+03 2.000080000000000000e+05
3.000000000000000000e+02 4.539000000000000000e+03 2.000120000000000000e+05
3.020000000000000000e+02 4.242000000000000000e+03 2.000080000000000000e+05
3.040000000000000000e+02 3.781000000000000000e+03 2.000080000000000000e+05
3.060000000000000000e+02 3.425000000000000000e+03 2.000080000000000000e+05
3.080000000000000000e+02 3.460000000000000000e+03 2.000120000000000000e+05
3.100000000000000000e+02 3.297000000000000000e+03 2.000080000000000000e+05
3.120000000000000000e+02 3.168000000000000000e+03 2.000080000000000000e+05
3.140000000000000000e+02 3.221000000000000000e+03 2.000120000000000000e+05
3.160000000000000000e+02 3.206000000000000000e+03 2.000120000000000000e+05
3.180000000000000000e+02 3.138000000000000000e+03 2.000080000000000000e+05
3.200000000000000000e+02 3.016000000000000000e+03 2.000080000000000000e+05
3.220000000000000000e+02 2.993000000000000000e+03 2.000080000000000000e+05
3.240000000000000000e+02 2.927000000000000000e+03 2.000120000000000000e+05
3.260000000000000000e+02 2.919000000000000000e+03 2.000080000000000000e+05
3.280000000000000000e+02 2.872000000000000000e+03 2.000120000000000000e+05
3.300000000000000000e+02 2.839000000000000000e+03 2.000080000000000000e+05
3.320000000000000000e+02 2.905000000000000000e+03 2.000120000000000000e+05
3.340000000000000000e+02 2.815000000000000000e+03 2.000120000000000000e+05
3.360000000000000000e+02 2.899000000000000000e+03 2.000080000000000000e+05
3.380000000000000000e+02 2.689000000000000000e+03 2.000120000000000000e+05
3.400000000000000000e+02 2.813000000000000000e+03 2.000120000000000000e+05
3.420000000000000000e+02 2.817000000000000000e+03 2.000080000000000000e+05
3.440000000000000000e+02 2.786000000000000000e+03 2.000120000000000000e+05
3.460000000000000000e+02 2.765000000000000000e+03 2.000120000000000000e+05
3.480000000000000000e+02 2.751000000000000000e+03 2.000120000000000000e+05
3.500000000000000000e+02 2.792000000000000000e+03 2.000080000000000000e+05
3.520000000000000000e+02 2.675000000000000000e+03 2.000080000000000000e+05
3.540000000000000000e+02 2.588000000000000000e+03 2.000080000000000000e+05
3.560000000000000000e+02 2.667000000000000000e+03 2.000120000000000000e+05
3.580000000000000000e+02 2.773000000000000000e+03 2.000080000000000000e+05
3.600000000000000000e+02 2.703000000000000000e+03 2.000080000000000000e+05
3.620000000000000000e+02 2.612000000000000000e+03 2.000080000000000000e+05
3.640000000000000000e+02 2.635000000000000000e+03 2.000080000000000000e+05
3.660000000000000000e+02 2.579000000000000000e+03 2.000080000000000000e+05
3.680000000000000000e+02 2.684000000000000000e+03 2.000120000000000000e+05
3.700000000000000000e+02 2.784000000000000000e+03 2.000080000000000000e+05
3.720000000000000000e+02 2.764000000000000000e+03 2.000120000000000000e+05
3.740000000000000000e+02 2.917000000000000000e+03 2.000080000000000000e+05
3.760000000000000000e+02 2.826000000000000000e+03 2.000120000000000000e+05
3.780000000000000000e+02 2.860000000000000000e+03 2.000120000000000000e+05
3.800000000000000000e+02 2.902000000000000000e+03 2.000120000000000000e+05
3.820000000000000000e+02 2.863000000000000000e+03 2.000120000000000000e+05
3.840000000000000000e+02 2.930000000000000000e+03 2.000120000000000000e+05
3.860000000000000000e+02 3.073000000000000000e+03 2.000080000000000000e+05
3.880000000000000000e+02 2.925000000000000000e+03 2.000120000000000000e+05
3.900000000000000000e+02 3.089000000000000000e+03 2.000080000000000000e+05
3.920000000000000000e+02 2.779000000000000000e+03 2.000080000000000000e+05
3.940000000000000000e+02 2.866000000000000000e+03 2.000120000000000000e+05
3.960000000000000000e+02 3.085000000000000000e+03 2.000160000000000000e+05
3.980000000000000000e+02 3.084000000000000000e+03 2.000080000000000000e+05
4.000000000000000000e+02 3.055000000000000000e+03 2.000080000000000000e+05
4.020000000000000000e+02 2.899000000000000000e+03 2.000080000000000000e+05
4.040000000000000000e+02 2.904000000000000000e+03 2.000120000000000000e+05
4.060000000000000000e+02 2.941000000000000000e+03 2.000120000000000000e+05
4.080000000000000000e+02 3.035000000000000000e+03 2.000120000000000000e+05
4.100000000000000000e+02 3.126000000000000000e+03 2.000120000000000000e+05
4.120000000000000000e+02 3.091000000000000000e+03 2.000080000000000000e+05
4.140000000000000000e+02 3.066000000000000000e+03 2.000120000000000000e+05
4.160000000000000000e+02 2.962000000000000000e+03 2.000120000000000000e+05
4.180000000000000000e+02 2.928000000000000000e+03 2.000080000000000000e+05
4.200000000000000000e+02 3.005000000000000000e+03 2.000160000000000000e+05
4.220000000000000000e+02 3.103000000000000000e+03 2.000080000000000000e+05
4.240000000000000000e+02 3.138000000000000000e+03 2.000160000000000000e+05
4.260000000000000000e+02 3.034000000000000000e+03 2.000120000000000000e+05
4.280000000000000000e+02 3.098000000000000000e+03 2.000080000000000000e+05
4.300000000000000000e+02 3.034000000000000000e+03 2.000080000000000000e+05
4.320000000000000000e+02 2.962000000000000000e+03 2.000120000000000000e+05
4.340000000000000000e+02 2.847000000000000000e+03 2.000120000000000000e+05
4.360000000000000000e+02 3.240000000000000000e+03 2.000120000000000000e+05
4.380000000000000000e+02 3.112000000000000000e+03 2.000080000000000000e+05
4.400000000000000000e+02 3.365000000000000000e+03 2.000080000000000000e+05
4.420000000000000000e+02 3.305000000000000000e+03 2.000080000000000000e+05
4.440000000000000000e+02 3.168000000000000000e+03 2.000120000000000000e+05
4.460000000000000000e+02 3.271000000000000000e+03 2.000080000000000000e+05
4.480000000000000000e+02 3.097000000000000000e+03 2.000120000000000000e+05
4.500000000000000000e+02 3.218000000000000000e+03 2.000120000000000000e+05
4.520000000000000000e+02 3.010000000000000000e+03 2.000080000000000000e+05
4.540000000000000000e+02 3.226000000000000000e+03 2.000080000000000000e+05
4.560000000000000000e+02 3.197000000000000000e+03 2.000080000000000000e+05
4.580000000000000000e+02 3.120000000000000000e+03 2.000120000000000000e+05
4.600000000000000000e+02 3.202000000000000000e+03 2.000120000000000000e+05
4.620000000000000000e+02 3.179000000000000000e+03 2.000120000000000000e+05
4.640000000000000000e+02 3.379000000000000000e+03 2.000120000000000000e+05
4.660000000000000000e+02 3.348000000000000000e+03 2.000120000000000000e+05
4.680000000000000000e+02 3.089000000000000000e+03 2.000080000000000000e+05
4.700000000000000000e+02 3.154000000000000000e+03 2.000120000000000000e+05
4.720000000000000000e+02 3.112000000000000000e+03 2.000120000000000000e+05
4.740000000000000000e+02 3.366000000000000000e+03 2.000080000000000000e+05
4.760000000000000000e+02 3.258000000000000000e+03 2.000120000000000000e+05
4.780000000000000000e+02 3.346000000000000000e+03 2.000120000000000000e+05
4.800000000000000000e+02 3.358000000000000000e+03 2.000080000000000000e+05
4.820000000000000000e+02 3.234000000000000000e+03 2.000080000000000000e+05
4.840000000000000000e+02 3.319000000000000000e+03 2.000120000000000000e+05
4.860000000000000000e+02 3.204000000000000000e+03 2.000160000000000000e+05
4.880000000000000000e+02 3.332000000000000000e+03 2.000120000000000000e+05
4.900000000000000000e+02 3.342000000000000000e+03 2.000080000000000000e+05
4.920000000000000000e+02 3.237000000000000000e+03 2.000080000000000000e+05
4.940000000000000000e+02 3.555000000000000000e+03 2.000120000000000000e+05
4.960000000000000000e+02 3.415000000000000000e+03 2.000120000000000000e+05
4.980000000000000000e+02 3.370000000000000000e+03 2.000120000000000000e+05
