0.000000000000000000e+00 5.003944000000000000e+06 5.000080000000000000e+05
1.000000000000000000e+00 5.368467000000000000e+06 5.000080000000000000e+05
2.000000000000000000e+00 6.234507000000000000e+06 5.000120000000000000e+05
3.000000000000000000e+00 5.518978000000000000e+06 5.000120000000000000e+05
4.000000000000000000e+00 4.475260000000000000e+06 5.000120000000000000e+05
5.000000000000000000e+00 4.657978000000000000e+06 5.000080000000000000e+05
6.000000000000000000e+00 5.251442000000000000e+06 5.000160000000000000e+05
7.000000000000000000e+00 4.757538000000000000e+06 5.000120000000000000e+05
8.000000000000000000e+00 4.484242000000000000e+06 5.000080000000000000e+05
9.000000000000000000e+00 4.190730000000000000e+06 5.000080000000000000e+05
