3.654260000000000000e+05 8.000000000000000000e+00
3.655260000000000000e+05 7.000000000000000000e+00
3.656260000000000000e+05 8.000000000000000000e+00
3.657260000000000000e+05 7.000000000000000000e+00
3.658260000000000000e+05 7.000000000000000000e+00
3.659260000000000000e+05 7.000000000000000000e+00
3.660260000000000000e+05 8.000000000000000000e+00
3.661260000000000000e+05 8.000000000000000000e+00
3.662260000000000000e+05 8.000000000000000000e+00
3.663260000000000000e+05 7.000000000000000000e+00
3.664260000000000000e+05 7.000000000000000000e+00
3.665260000000000000e+05 8.000000000000000000e+00
3.666260000000000000e+05 8.000000000000000000e+00
3.667260000000000000e+05 7.000000000000000000e+00
3.668260000000000000e+05 8.000000000000000000e+00
3.669260000000000000e+05 7.000000000000000000e+00
3.670260000000000000e+05 9.000000000000000000e+00
3.671260000000000000e+05 6.000000000000000000e+00
3.672260000000000000e+05 8.000000000000000000e+00
3.673260000000000000e+05 7.000000000000000000e+00
3.674260000000000000e+05 6.000000000000000000e+00
3.675260000000000000e+05 8.000000000000000000e+00
3.676260000000000000e+05 7.000000000000000000e+00
3.677260000000000000e+05 8.000000000000000000e+00
3.678260000000000000e+05 6.000000000000000000e+00
3.679260000000000000e+05 6.000000000000000000e+00
3.680260000000000000e+05 8.000000000000000000e+00
3.681260000000000000e+05 7.000000000000000000e+00
3.682260000000000000e+05 7.000000000000000000e+00
3.683260000000000000e+05 8.000000000000000000e+00
3.684260000000000000e+05 4.000000000000000000e+00
3.685260000000000000e+05 9.000000000000000000e+00
3.686260000000000000e+05 8.000000000000000000e+00
3.687260000000000000e+05 7.000000000000000000e+00
3.688260000000000000e+05 7.000000000000000000e+00
3.689260000000000000e+05 7.000000000000000000e+00
3.690260000000000000e+05 6.000000000000000000e+00
3.691260000000000000e+05 6.000000000000000000e+00
3.692260000000000000e+05 6.000000000000000000e+00
3.693260000000000000e+05 5.000000000000000000e+00
3.694260000000000000e+05 8.000000000000000000e+00
3.695260000000000000e+05 7.000000000000000000e+00
3.696260000000000000e+05 6.000000000000000000e+00
3.697260000000000000e+05 7.000000000000000000e+00
3.698260000000000000e+05 8.000000000000000000e+00
3.699260000000000000e+05 7.000000000000000000e+00
3.700260000000000000e+05 7.000000000000000000e+00
3.701260000000000000e+05 7.000000000000000000e+00
3.702260000000000000e+05 8.000000000000000000e+00
3.703260000000000000e+05 7.000000000000000000e+00
3.704260000000000000e+05 7.000000000000000000e+00
3.705260000000000000e+05 7.000000000000000000e+00
3.706260000000000000e+05 6.000000000000000000e+00
3.707260000000000000e+05 7.000000000000000000e+00
3.708260000000000000e+05 7.000000000000000000e+00
3.709260000000000000e+05 6.000000000000000000e+00
3.710260000000000000e+05 7.000000000000000000e+00
3.711260000000000000e+05 8.000000000000000000e+00
3.712260000000000000e+05 7.000000000000000000e+00
3.713260000000000000e+05 7.000000000000000000e+00
3.714260000000000000e+05 8.000000000000000000e+00
3.715260000000000000e+05 8.000000000000000000e+00
3.716260000000000000e+05 7.000000000000000000e+00
3.717260000000000000e+05 5.000000000000000000e+00
3.718260000000000000e+05 7.000000000000000000e+00
3.719260000000000000e+05 7.000000000000000000e+00
3.720260000000000000e+05 7.000000000000000000e+00
3.721260000000000000e+05 8.000000000000000000e+00
3.722260000000000000e+05 7.000000000000000000e+00
3.723260000000000000e+05 9.000000000000000000e+00
3.724260000000000000e+05 7.000000000000000000e+00
3.725260000000000000e+05 7.000000000000000000e+00
3.726260000000000000e+05 7.000000000000000000e+00
3.727260000000000000e+05 7.000000000000000000e+00
3.728260000000000000e+05 7.000000000000000000e+00
3.729260000000000000e+05 7.000000000000000000e+00
3.730260000000000000e+05 8.000000000000000000e+00
3.731260000000000000e+05 8.000000000000000000e+00
3.732260000000000000e+05 8.000000000000000000e+00
3.733260000000000000e+05 8.000000000000000000e+00
3.734260000000000000e+05 8.000000000000000000e+00
3.735260000000000000e+05 8.000000000000000000e+00
3.736260000000000000e+05 8.000000000000000000e+00
3.737260000000000000e+05 7.000000000000000000e+00
3.738260000000000000e+05 7.000000000000000000e+00
3.739260000000000000e+05 7.000000000000000000e+00
3.740260000000000000e+05 6.000000000000000000e+00
3.741260000000000000e+05 6.000000000000000000e+00
3.742260000000000000e+05 8.000000000000000000e+00
3.743260000000000000e+05 7.000000000000000000e+00
3.744260000000000000e+05 5.000000000000000000e+00
3.745260000000000000e+05 7.000000000000000000e+00
3.746260000000000000e+05 8.000000000000000000e+00
3.747260000000000000e+05 8.000000000000000000e+00
3.748260000000000000e+05 7.000000000000000000e+00
3.749260000000000000e+05 8.000000000000000000e+00
3.750260000000000000e+05 7.000000000000000000e+00
3.751260000000000000e+05 9.000000000000000000e+00
3.752260000000000000e+05 1.400000000000000000e+01
3.753260000000000000e+05 9.000000000000000000e+00
3.754260000000000000e+05 8.000000000000000000e+00
3.755260000000000000e+05 8.000000000000000000e+00
3.756260000000000000e+05 8.000000000000000000e+00
3.757260000000000000e+05 7.000000000000000000e+00
3.758260000000000000e+05 9.000000000000000000e+00
3.759260000000000000e+05 8.000000000000000000e+00
3.760260000000000000e+05 8.000000000000000000e+00
3.761260000000000000e+05 8.000000000000000000e+00
3.762260000000000000e+05 7.000000000000000000e+00
3.763260000000000000e+05 6.000000000000000000e+00
3.764260000000000000e+05 8.000000000000000000e+00
3.765260000000000000e+05 7.000000000000000000e+00
3.766260000000000000e+05 5.000000000000000000e+00
3.767260000000000000e+05 8.000000000000000000e+00
3.768260000000000000e+05 8.000000000000000000e+00
3.769260000000000000e+05 8.000000000000000000e+00
3.770260000000000000e+05 7.000000000000000000e+00
3.771260000000000000e+05 7.000000000000000000e+00
3.772260000000000000e+05 7.000000000000000000e+00
3.773260000000000000e+05 8.000000000000000000e+00
3.774260000000000000e+05 8.000000000000000000e+00
3.775260000000000000e+05 6.000000000000000000e+00
3.776260000000000000e+05 8.000000000000000000e+00
3.777260000000000000e+05 9.000000000000000000e+00
3.778260000000000000e+05 6.000000000000000000e+00
3.779260000000000000e+05 7.000000000000000000e+00
3.780260000000000000e+05 6.000000000000000000e+00
3.781260000000000000e+05 8.000000000000000000e+00
3.782260000000000000e+05 8.000000000000000000e+00
3.783260000000000000e+05 6.000000000000000000e+00
3.784260000000000000e+05 7.000000000000000000e+00
3.785260000000000000e+05 6.000000000000000000e+00
3.786260000000000000e+05 8.000000000000000000e+00
3.787260000000000000e+05 8.000000000000000000e+00
3.788260000000000000e+05 8.000000000000000000e+00
3.789260000000000000e+05 9.000000000000000000e+00
3.790260000000000000e+05 6.000000000000000000e+00
3.791260000000000000e+05 6.000000000000000000e+00
3.792260000000000000e+05 8.000000000000000000e+00
3.793260000000000000e+05 7.000000000000000000e+00
3.794260000000000000e+05 8.000000000000000000e+00
3.795260000000000000e+05 8.000000000000000000e+00
3.796260000000000000e+05 7.000000000000000000e+00
3.797260000000000000e+05 8.000000000000000000e+00
3.798260000000000000e+05 5.000000000000000000e+00
3.799260000000000000e+05 6.000000000000000000e+00
3.800260000000000000e+05 8.000000000000000000e+00
3.801260000000000000e+05 7.000000000000000000e+00
3.802260000000000000e+05 5.000000000000000000e+00
3.803260000000000000e+05 7.000000000000000000e+00
3.804260000000000000e+05 8.000000000000000000e+00
3.805260000000000000e+05 7.000000000000000000e+00
3.806260000000000000e+05 8.000000000000000000e+00
3.807260000000000000e+05 7.000000000000000000e+00
3.808260000000000000e+05 9.000000000000000000e+00
3.809260000000000000e+05 8.000000000000000000e+00
3.810260000000000000e+05 9.000000000000000000e+00
3.811260000000000000e+05 8.000000000000000000e+00
3.812260000000000000e+05 7.000000000000000000e+00
3.813260000000000000e+05 7.000000000000000000e+00
3.814260000000000000e+05 3.000000000000000000e+00
3.815260000000000000e+05 7.000000000000000000e+00
3.816260000000000000e+05 8.000000000000000000e+00
3.817260000000000000e+05 7.000000000000000000e+00
3.818260000000000000e+05 9.000000000000000000e+00
3.819260000000000000e+05 7.000000000000000000e+00
3.820260000000000000e+05 8.000000000000000000e+00
3.821260000000000000e+05 7.000000000000000000e+00
3.822260000000000000e+05 6.000000000000000000e+00
3.823260000000000000e+05 5.000000000000000000e+00
3.824260000000000000e+05 8.000000000000000000e+00
3.825260000000000000e+05 6.000000000000000000e+00
3.826260000000000000e+05 8.000000000000000000e+00
3.827260000000000000e+05 7.000000000000000000e+00
3.828260000000000000e+05 8.000000000000000000e+00
3.829260000000000000e+05 5.000000000000000000e+00
3.830260000000000000e+05 8.000000000000000000e+00
3.831260000000000000e+05 7.000000000000000000e+00
3.832260000000000000e+05 6.000000000000000000e+00
3.833260000000000000e+05 7.000000000000000000e+00
3.834260000000000000e+05 8.000000000000000000e+00
3.835260000000000000e+05 8.000000000000000000e+00
3.836260000000000000e+05 9.000000000000000000e+00
3.837260000000000000e+05 9.000000000000000000e+00
3.838260000000000000e+05 6.000000000000000000e+00
3.839260000000000000e+05 8.000000000000000000e+00
3.840260000000000000e+05 7.000000000000000000e+00
3.841260000000000000e+05 9.000000000000000000e+00
3.842260000000000000e+05 8.000000000000000000e+00
3.843260000000000000e+05 8.000000000000000000e+00
3.844260000000000000e+05 6.000000000000000000e+00
3.845260000000000000e+05 6.000000000000000000e+00
3.846260000000000000e+05 8.000000000000000000e+00
3.847260000000000000e+05 8.000000000000000000e+00
3.848260000000000000e+05 7.000000000000000000e+00
3.849260000000000000e+05 7.000000000000000000e+00
3.850260000000000000e+05 8.000000000000000000e+00
3.851260000000000000e+05 7.000000000000000000e+00
3.852260000000000000e+05 6.000000000000000000e+00
3.853260000000000000e+05 7.000000000000000000e+00
