3.609810000000000000e+05 1.914000000000000000e+03
3.610810000000000000e+05 1.872000000000000000e+03
3.611810000000000000e+05 2.082000000000000000e+03
3.612810000000000000e+05 1.958000000000000000e+03
3.613810000000000000e+05 1.893000000000000000e+03
3.614810000000000000e+05 2.040000000000000000e+03
3.615810000000000000e+05 2.036000000000000000e+03
3.616810000000000000e+05 2.118000000000000000e+03
3.617810000000000000e+05 2.111000000000000000e+03
3.618810000000000000e+05 2.051000000000000000e+03
3.619810000000000000e+05 1.998000000000000000e+03
3.620810000000000000e+05 2.076000000000000000e+03
3.621810000000000000e+05 2.051000000000000000e+03
3.622810000000000000e+05 2.064000000000000000e+03
3.623810000000000000e+05 2.152000000000000000e+03
3.624810000000000000e+05 2.026000000000000000e+03
3.625810000000000000e+05 2.037000000000000000e+03
3.626810000000000000e+05 1.990000000000000000e+03
3.627810000000000000e+05 2.173000000000000000e+03
3.628810000000000000e+05 2.080000000000000000e+03
3.629810000000000000e+05 2.109000000000000000e+03
3.630810000000000000e+05 2.021000000000000000e+03
3.631810000000000000e+05 1.988000000000000000e+03
3.632810000000000000e+05 2.092000000000000000e+03
3.633810000000000000e+05 1.923000000000000000e+03
3.634810000000000000e+05 2.043000000000000000e+03
3.635810000000000000e+05 2.064000000000000000e+03
3.636810000000000000e+05 1.950000000000000000e+03
3.637810000000000000e+05 1.968000000000000000e+03
3.638810000000000000e+05 2.007000000000000000e+03
3.639810000000000000e+05 2.054000000000000000e+03
3.640810000000000000e+05 2.043000000000000000e+03
3.641810000000000000e+05 2.075000000000000000e+03
3.642810000000000000e+05 2.139000000000000000e+03
3.643810000000000000e+05 2.082000000000000000e+03
3.644810000000000000e+05 2.028000000000000000e+03
3.645810000000000000e+05 2.187000000000000000e+03
3.646810000000000000e+05 2.059000000000000000e+03
3.647810000000000000e+05 2.007000000000000000e+03
3.648810000000000000e+05 2.172000000000000000e+03
3.649810000000000000e+05 2.071000000000000000e+03
3.650810000000000000e+05 2.133000000000000000e+03
3.651810000000000000e+05 2.044000000000000000e+03
3.652810000000000000e+05 1.947000000000000000e+03
3.653810000000000000e+05 1.976000000000000000e+03
3.654810000000000000e+05 2.134000000000000000e+03
3.655810000000000000e+05 2.074000000000000000e+03
3.656810000000000000e+05 2.030000000000000000e+03
3.657810000000000000e+05 2.021000000000000000e+03
3.658810000000000000e+05 2.168000000000000000e+03
3.659810000000000000e+05 2.054000000000000000e+03
3.660810000000000000e+05 2.101000000000000000e+03
3.661810000000000000e+05 1.933000000000000000e+03
3.662810000000000000e+05 2.165000000000000000e+03
3.663810000000000000e+05 2.011000000000000000e+03
3.664810000000000000e+05 2.170000000000000000e+03
3.665810000000000000e+05 2.050000000000000000e+03
3.666810000000000000e+05 2.057000000000000000e+03
3.667810000000000000e+05 2.031000000000000000e+03
3.668810000000000000e+05 2.041000000000000000e+03
3.669810000000000000e+05 1.983000000000000000e+03
3.670810000000000000e+05 1.933000000000000000e+03
3.671810000000000000e+05 2.076000000000000000e+03
3.672810000000000000e+05 2.075000000000000000e+03
3.673810000000000000e+05 2.183000000000000000e+03
3.674810000000000000e+05 2.062000000000000000e+03
3.675810000000000000e+05 2.072000000000000000e+03
3.676810000000000000e+05 2.072000000000000000e+03
3.677810000000000000e+05 2.083000000000000000e+03
3.678810000000000000e+05 2.111000000000000000e+03
3.679810000000000000e+05 1.928000000000000000e+03
3.680810000000000000e+05 2.013000000000000000e+03
3.681810000000000000e+05 2.049000000000000000e+03
3.682810000000000000e+05 1.989000000000000000e+03
3.683810000000000000e+05 2.034000000000000000e+03
3.684810000000000000e+05 2.027000000000000000e+03
3.685810000000000000e+05 2.070000000000000000e+03
3.686810000000000000e+05 1.960000000000000000e+03
3.687810000000000000e+05 1.912000000000000000e+03
3.688810000000000000e+05 2.011000000000000000e+03
3.689810000000000000e+05 2.085000000000000000e+03
3.690810000000000000e+05 2.058000000000000000e+03
3.691810000000000000e+05 2.010000000000000000e+03
3.692810000000000000e+05 2.041000000000000000e+03
3.693810000000000000e+05 2.057000000000000000e+03
3.694810000000000000e+05 2.042000000000000000e+03
3.695810000000000000e+05 2.067000000000000000e+03
3.696810000000000000e+05 1.953000000000000000e+03
3.697810000000000000e+05 2.176000000000000000e+03
3.698810000000000000e+05 2.078000000000000000e+03
3.699810000000000000e+05 2.090000000000000000e+03
3.700810000000000000e+05 2.066000000000000000e+03
3.701810000000000000e+05 2.050000000000000000e+03
3.702810000000000000e+05 1.995000000000000000e+03
3.703810000000000000e+05 1.917000000000000000e+03
3.704810000000000000e+05 1.967000000000000000e+03
3.705810000000000000e+05 2.116000000000000000e+03
3.706810000000000000e+05 1.987000000000000000e+03
3.707810000000000000e+05 2.276000000000000000e+03
3.708810000000000000e+05 1.939000000000000000e+03
3.709810000000000000e+05 2.025000000000000000e+03
3.710810000000000000e+05 1.978000000000000000e+03
3.711810000000000000e+05 2.100000000000000000e+03
3.712810000000000000e+05 2.016000000000000000e+03
3.713810000000000000e+05 2.052000000000000000e+03
3.714810000000000000e+05 1.887000000000000000e+03
3.715810000000000000e+05 1.964000000000000000e+03
3.716810000000000000e+05 1.945000000000000000e+03
3.717810000000000000e+05 1.998000000000000000e+03
3.718810000000000000e+05 2.007000000000000000e+03
3.719810000000000000e+05 2.040000000000000000e+03
3.720810000000000000e+05 2.080000000000000000e+03
3.721810000000000000e+05 2.142000000000000000e+03
3.722810000000000000e+05 2.009000000000000000e+03
3.723810000000000000e+05 1.973000000000000000e+03
3.724810000000000000e+05 2.016000000000000000e+03
3.725810000000000000e+05 1.989000000000000000e+03
3.726810000000000000e+05 2.036000000000000000e+03
3.727810000000000000e+05 2.195000000000000000e+03
3.728810000000000000e+05 2.135000000000000000e+03
3.729810000000000000e+05 2.080000000000000000e+03
3.730810000000000000e+05 1.985000000000000000e+03
3.731810000000000000e+05 2.037000000000000000e+03
3.732810000000000000e+05 1.913000000000000000e+03
3.733810000000000000e+05 2.058000000000000000e+03
3.734810000000000000e+05 2.074000000000000000e+03
3.735810000000000000e+05 2.030000000000000000e+03
3.736810000000000000e+05 2.048000000000000000e+03
3.737810000000000000e+05 1.951000000000000000e+03
3.738810000000000000e+05 2.028000000000000000e+03
3.739810000000000000e+05 2.018000000000000000e+03
3.740810000000000000e+05 2.062000000000000000e+03
3.741810000000000000e+05 2.105000000000000000e+03
3.742810000000000000e+05 1.999000000000000000e+03
3.743810000000000000e+05 1.968000000000000000e+03
3.744810000000000000e+05 2.018000000000000000e+03
3.745810000000000000e+05 2.022000000000000000e+03
3.746810000000000000e+05 1.971000000000000000e+03
3.747810000000000000e+05 2.057000000000000000e+03
3.748810000000000000e+05 1.990000000000000000e+03
3.749810000000000000e+05 2.100000000000000000e+03
3.750810000000000000e+05 2.045000000000000000e+03
3.751810000000000000e+05 1.947000000000000000e+03
3.752810000000000000e+05 2.151000000000000000e+03
3.753810000000000000e+05 2.014000000000000000e+03
3.754810000000000000e+05 2.055000000000000000e+03
3.755810000000000000e+05 2.028000000000000000e+03
3.756810000000000000e+05 2.112000000000000000e+03
3.757810000000000000e+05 1.920000000000000000e+03
3.758810000000000000e+05 2.119000000000000000e+03
3.759810000000000000e+05 1.984000000000000000e+03
3.760810000000000000e+05 2.034000000000000000e+03
3.761810000000000000e+05 1.929000000000000000e+03
3.762810000000000000e+05 1.987000000000000000e+03
3.763810000000000000e+05 1.988000000000000000e+03
3.764810000000000000e+05 1.948000000000000000e+03
3.765810000000000000e+05 2.145000000000000000e+03
3.766810000000000000e+05 2.004000000000000000e+03
3.767810000000000000e+05 2.177000000000000000e+03
3.768810000000000000e+05 1.993000000000000000e+03
3.769810000000000000e+05 2.032000000000000000e+03
3.770810000000000000e+05 2.013000000000000000e+03
3.771810000000000000e+05 2.136000000000000000e+03
3.772810000000000000e+05 2.048000000000000000e+03
3.773810000000000000e+05 2.061000000000000000e+03
3.774810000000000000e+05 2.077000000000000000e+03
3.775810000000000000e+05 2.004000000000000000e+03
3.776810000000000000e+05 2.103000000000000000e+03
3.777810000000000000e+05 2.121000000000000000e+03
3.778810000000000000e+05 2.122000000000000000e+03
3.779810000000000000e+05 2.013000000000000000e+03
3.780810000000000000e+05 2.118000000000000000e+03
3.781810000000000000e+05 2.026000000000000000e+03
3.782810000000000000e+05 1.999000000000000000e+03
3.783810000000000000e+05 2.075000000000000000e+03
3.784810000000000000e+05 1.963000000000000000e+03
3.785810000000000000e+05 2.025000000000000000e+03
3.786810000000000000e+05 1.977000000000000000e+03
3.787810000000000000e+05 1.953000000000000000e+03
3.788810000000000000e+05 2.041000000000000000e+03
3.789810000000000000e+05 2.066000000000000000e+03
3.790810000000000000e+05 2.079000000000000000e+03
3.791810000000000000e+05 2.118000000000000000e+03
3.792810000000000000e+05 1.965000000000000000e+03
3.793810000000000000e+05 2.021000000000000000e+03
3.794810000000000000e+05 1.995000000000000000e+03
3.795810000000000000e+05 1.994000000000000000e+03
3.796810000000000000e+05 2.044000000000000000e+03
3.797810000000000000e+05 2.059000000000000000e+03
3.798810000000000000e+05 2.047000000000000000e+03
3.799810000000000000e+05 1.993000000000000000e+03
3.800810000000000000e+05 2.020000000000000000e+03
3.801810000000000000e+05 2.086000000000000000e+03
3.802810000000000000e+05 2.091000000000000000e+03
3.803810000000000000e+05 2.114000000000000000e+03
3.804810000000000000e+05 2.090000000000000000e+03
3.805810000000000000e+05 2.020000000000000000e+03
3.806810000000000000e+05 2.146000000000000000e+03
3.807810000000000000e+05 2.143000000000000000e+03
3.808810000000000000e+05 2.031000000000000000e+03
3.809810000000000000e+05 2.112000000000000000e+03
3.810810000000000000e+05 2.105000000000000000e+03
3.811810000000000000e+05 1.912000000000000000e+03
3.812810000000000000e+05 2.126000000000000000e+03
3.813810000000000000e+05 2.165000000000000000e+03
3.814810000000000000e+05 2.174000000000000000e+03
3.815810000000000000e+05 1.929000000000000000e+03
3.816810000000000000e+05 1.961000000000000000e+03
3.817810000000000000e+05 2.044000000000000000e+03
3.818810000000000000e+05 2.230000000000000000e+03
3.819810000000000000e+05 2.028000000000000000e+03
3.820810000000000000e+05 2.057000000000000000e+03
3.821810000000000000e+05 2.052000000000000000e+03
3.822810000000000000e+05 1.965000000000000000e+03
3.823810000000000000e+05 1.986000000000000000e+03
3.824810000000000000e+05 1.906000000000000000e+03
3.825810000000000000e+05 2.224000000000000000e+03
3.826810000000000000e+05 1.897000000000000000e+03
3.827810000000000000e+05 1.945000000000000000e+03
3.828810000000000000e+05 1.910000000000000000e+03
3.829810000000000000e+05 2.008000000000000000e+03
3.830810000000000000e+05 2.095000000000000000e+03
3.831810000000000000e+05 2.059000000000000000e+03
3.832810000000000000e+05 2.091000000000000000e+03
3.833810000000000000e+05 1.998000000000000000e+03
3.834810000000000000e+05 2.096000000000000000e+03
3.835810000000000000e+05 2.126000000000000000e+03
3.836810000000000000e+05 2.164000000000000000e+03
3.837810000000000000e+05 2.099000000000000000e+03
3.838810000000000000e+05 1.929000000000000000e+03
3.839810000000000000e+05 2.046000000000000000e+03
3.840810000000000000e+05 2.129000000000000000e+03
3.841810000000000000e+05 1.920000000000000000e+03
3.842810000000000000e+05 1.984000000000000000e+03
3.843810000000000000e+05 1.996000000000000000e+03
3.844810000000000000e+05 2.077000000000000000e+03
3.845810000000000000e+05 2.047000000000000000e+03
3.846810000000000000e+05 2.034000000000000000e+03
3.847810000000000000e+05 2.007000000000000000e+03
3.848810000000000000e+05 1.945000000000000000e+03
3.849810000000000000e+05 1.983000000000000000e+03
3.850810000000000000e+05 2.118000000000000000e+03
3.851810000000000000e+05 2.011000000000000000e+03
3.852810000000000000e+05 2.044000000000000000e+03
3.853810000000000000e+05 1.890000000000000000e+03
3.854810000000000000e+05 1.996000000000000000e+03
3.855810000000000000e+05 1.971000000000000000e+03
3.856810000000000000e+05 2.041000000000000000e+03
3.857810000000000000e+05 2.062000000000000000e+03
3.858810000000000000e+05 2.049000000000000000e+03
3.859810000000000000e+05 1.998000000000000000e+03
3.860810000000000000e+05 1.994000000000000000e+03
3.861810000000000000e+05 1.898000000000000000e+03
3.862810000000000000e+05 2.083000000000000000e+03
3.863810000000000000e+05 2.043000000000000000e+03
3.864810000000000000e+05 1.940000000000000000e+03
3.865810000000000000e+05 2.117000000000000000e+03
3.866810000000000000e+05 2.060000000000000000e+03
3.867810000000000000e+05 2.008000000000000000e+03
3.868810000000000000e+05 2.129000000000000000e+03
3.869810000000000000e+05 2.025000000000000000e+03
3.870810000000000000e+05 1.919000000000000000e+03
3.871810000000000000e+05 2.000000000000000000e+03
3.872810000000000000e+05 2.033000000000000000e+03
3.873810000000000000e+05 2.063000000000000000e+03
3.874810000000000000e+05 1.971000000000000000e+03
3.875810000000000000e+05 2.167000000000000000e+03
3.876810000000000000e+05 2.032000000000000000e+03
3.877810000000000000e+05 2.060000000000000000e+03
3.878810000000000000e+05 2.025000000000000000e+03
3.879810000000000000e+05 2.003000000000000000e+03
3.880810000000000000e+05 2.105000000000000000e+03
3.881810000000000000e+05 2.053000000000000000e+03
3.882810000000000000e+05 1.938000000000000000e+03
3.883810000000000000e+05 2.021000000000000000e+03
3.884810000000000000e+05 2.197000000000000000e+03
3.885810000000000000e+05 2.022000000000000000e+03
3.886810000000000000e+05 2.042000000000000000e+03
3.887810000000000000e+05 2.087000000000000000e+03
3.888810000000000000e+05 2.137000000000000000e+03
3.889810000000000000e+05 2.019000000000000000e+03
3.890810000000000000e+05 2.000000000000000000e+03
3.891810000000000000e+05 2.075000000000000000e+03
3.892810000000000000e+05 2.067000000000000000e+03
3.893810000000000000e+05 2.047000000000000000e+03
3.894810000000000000e+05 2.091000000000000000e+03
3.895810000000000000e+05 2.133000000000000000e+03
3.896810000000000000e+05 2.214000000000000000e+03
3.897810000000000000e+05 1.967000000000000000e+03
3.898810000000000000e+05 2.088000000000000000e+03
3.899810000000000000e+05 2.074000000000000000e+03
3.900810000000000000e+05 2.025000000000000000e+03
3.901810000000000000e+05 2.078000000000000000e+03
3.902810000000000000e+05 2.086000000000000000e+03
3.903810000000000000e+05 2.044000000000000000e+03
3.904810000000000000e+05 2.045000000000000000e+03
3.905810000000000000e+05 1.943000000000000000e+03
3.906810000000000000e+05 2.034000000000000000e+03
3.907810000000000000e+05 2.001000000000000000e+03
3.908810000000000000e+05 1.944000000000000000e+03
3.909810000000000000e+05 1.991000000000000000e+03
3.910810000000000000e+05 2.053000000000000000e+03
3.911810000000000000e+05 2.031000000000000000e+03
3.912810000000000000e+05 2.068000000000000000e+03
3.913810000000000000e+05 1.899000000000000000e+03
3.914810000000000000e+05 2.027000000000000000e+03
3.915810000000000000e+05 1.976000000000000000e+03
3.916810000000000000e+05 1.928000000000000000e+03
3.917810000000000000e+05 2.080000000000000000e+03
3.918810000000000000e+05 2.095000000000000000e+03
3.919810000000000000e+05 2.024000000000000000e+03
3.920810000000000000e+05 2.089000000000000000e+03
3.921810000000000000e+05 2.009000000000000000e+03
3.922810000000000000e+05 2.054000000000000000e+03
3.923810000000000000e+05 2.117000000000000000e+03
3.924810000000000000e+05 2.048000000000000000e+03
3.925810000000000000e+05 1.985000000000000000e+03
3.926810000000000000e+05 1.935000000000000000e+03
3.927810000000000000e+05 2.037000000000000000e+03
3.928810000000000000e+05 2.046000000000000000e+03
3.929810000000000000e+05 1.991000000000000000e+03
3.930810000000000000e+05 2.001000000000000000e+03
3.931810000000000000e+05 1.979000000000000000e+03
3.932810000000000000e+05 2.005000000000000000e+03
3.933810000000000000e+05 1.992000000000000000e+03
3.934810000000000000e+05 2.062000000000000000e+03
3.935810000000000000e+05 2.067000000000000000e+03
3.936810000000000000e+05 2.018000000000000000e+03
3.937810000000000000e+05 2.193000000000000000e+03
3.938810000000000000e+05 1.921000000000000000e+03
3.939810000000000000e+05 2.050000000000000000e+03
3.940810000000000000e+05 2.019000000000000000e+03
3.941810000000000000e+05 2.043000000000000000e+03
3.942810000000000000e+05 1.982000000000000000e+03
3.943810000000000000e+05 2.002000000000000000e+03
3.944810000000000000e+05 2.128000000000000000e+03
3.945810000000000000e+05 1.914000000000000000e+03
3.946810000000000000e+05 2.045000000000000000e+03
3.947810000000000000e+05 2.052000000000000000e+03
3.948810000000000000e+05 2.136000000000000000e+03
3.949810000000000000e+05 1.986000000000000000e+03
3.950810000000000000e+05 2.085000000000000000e+03
3.951810000000000000e+05 2.185000000000000000e+03
3.952810000000000000e+05 2.010000000000000000e+03
3.953810000000000000e+05 1.900000000000000000e+03
3.954810000000000000e+05 1.891000000000000000e+03
3.955810000000000000e+05 1.948000000000000000e+03
3.956810000000000000e+05 1.894000000000000000e+03
3.957810000000000000e+05 1.955000000000000000e+03
3.958810000000000000e+05 2.111000000000000000e+03
3.959810000000000000e+05 2.049000000000000000e+03
3.960810000000000000e+05 2.003000000000000000e+03
3.961810000000000000e+05 2.149000000000000000e+03
3.962810000000000000e+05 2.097000000000000000e+03
3.963810000000000000e+05 2.040000000000000000e+03
3.964810000000000000e+05 1.997000000000000000e+03
3.965810000000000000e+05 2.051000000000000000e+03
3.966810000000000000e+05 1.932000000000000000e+03
3.967810000000000000e+05 2.010000000000000000e+03
3.968810000000000000e+05 1.979000000000000000e+03
3.969810000000000000e+05 2.145000000000000000e+03
3.970810000000000000e+05 1.952000000000000000e+03
3.971810000000000000e+05 2.132000000000000000e+03
3.972810000000000000e+05 1.977000000000000000e+03
3.973810000000000000e+05 2.104000000000000000e+03
3.974810000000000000e+05 2.045000000000000000e+03
3.975810000000000000e+05 2.044000000000000000e+03
3.976810000000000000e+05 2.030000000000000000e+03
3.977810000000000000e+05 2.042000000000000000e+03
3.978810000000000000e+05 2.032000000000000000e+03
3.979810000000000000e+05 1.844000000000000000e+03
3.980810000000000000e+05 2.094000000000000000e+03
3.981810000000000000e+05 1.994000000000000000e+03
3.982810000000000000e+05 2.060000000000000000e+03
3.983810000000000000e+05 2.042000000000000000e+03
3.984810000000000000e+05 2.063000000000000000e+03
3.985810000000000000e+05 2.011000000000000000e+03
3.986810000000000000e+05 1.870000000000000000e+03
3.987810000000000000e+05 1.976000000000000000e+03
3.988810000000000000e+05 2.061000000000000000e+03
3.989810000000000000e+05 1.984000000000000000e+03
3.990810000000000000e+05 1.981000000000000000e+03
3.991810000000000000e+05 1.932000000000000000e+03
3.992810000000000000e+05 2.021000000000000000e+03
3.993810000000000000e+05 2.038000000000000000e+03
3.994810000000000000e+05 2.156000000000000000e+03
3.995810000000000000e+05 2.031000000000000000e+03
3.996810000000000000e+05 1.985000000000000000e+03
3.997810000000000000e+05 2.002000000000000000e+03
3.998810000000000000e+05 1.991000000000000000e+03
3.999810000000000000e+05 2.193000000000000000e+03
4.000810000000000000e+05 2.131000000000000000e+03
4.001810000000000000e+05 2.079000000000000000e+03
4.002810000000000000e+05 1.998000000000000000e+03
4.003810000000000000e+05 2.083000000000000000e+03
4.004810000000000000e+05 2.068000000000000000e+03
4.005810000000000000e+05 1.982000000000000000e+03
4.006810000000000000e+05 1.921000000000000000e+03
4.007810000000000000e+05 1.929000000000000000e+03
4.008810000000000000e+05 2.022000000000000000e+03
