3.848810000000000000e+05 8.040000000000000000e+02
3.849810000000000000e+05 9.210000000000000000e+02
3.850810000000000000e+05 8.360000000000000000e+02
3.851810000000000000e+05 7.810000000000000000e+02
3.852810000000000000e+05 8.260000000000000000e+02
3.853810000000000000e+05 9.090000000000000000e+02
3.854810000000000000e+05 8.430000000000000000e+02
3.855810000000000000e+05 8.660000000000000000e+02
3.856810000000000000e+05 8.610000000000000000e+02
3.857810000000000000e+05 7.860000000000000000e+02
3.858810000000000000e+05 8.990000000000000000e+02
3.859810000000000000e+05 9.120000000000000000e+02
3.860810000000000000e+05 8.360000000000000000e+02
3.861810000000000000e+05 8.950000000000000000e+02
3.862810000000000000e+05 8.390000000000000000e+02
3.863810000000000000e+05 9.180000000000000000e+02
3.864810000000000000e+05 8.530000000000000000e+02
3.865810000000000000e+05 8.530000000000000000e+02
3.866810000000000000e+05 8.230000000000000000e+02
3.867810000000000000e+05 8.730000000000000000e+02
3.868810000000000000e+05 9.020000000000000000e+02
3.869810000000000000e+05 8.360000000000000000e+02
3.870810000000000000e+05 8.720000000000000000e+02
3.871810000000000000e+05 8.580000000000000000e+02
3.872810000000000000e+05 8.790000000000000000e+02
3.873810000000000000e+05 8.590000000000000000e+02
3.874810000000000000e+05 8.100000000000000000e+02
3.875810000000000000e+05 9.170000000000000000e+02
3.876810000000000000e+05 8.740000000000000000e+02
3.877810000000000000e+05 9.160000000000000000e+02
3.878810000000000000e+05 8.470000000000000000e+02
3.879810000000000000e+05 8.920000000000000000e+02
3.880810000000000000e+05 9.140000000000000000e+02
3.881810000000000000e+05 9.310000000000000000e+02
3.882810000000000000e+05 9.600000000000000000e+02
3.883810000000000000e+05 9.660000000000000000e+02
3.884810000000000000e+05 8.220000000000000000e+02
3.885810000000000000e+05 8.020000000000000000e+02
3.886810000000000000e+05 9.060000000000000000e+02
3.887810000000000000e+05 8.120000000000000000e+02
