3.739810000000000000e+05 9.550000000000000000e+02
3.740310000000000000e+05 9.020000000000000000e+02
3.740810000000000000e+05 7.980000000000000000e+02
3.741310000000000000e+05 8.800000000000000000e+02
3.741810000000000000e+05 8.580000000000000000e+02
3.742310000000000000e+05 8.420000000000000000e+02
3.742810000000000000e+05 8.490000000000000000e+02
3.743310000000000000e+05 1.043000000000000000e+03
3.743810000000000000e+05 8.570000000000000000e+02
3.744310000000000000e+05 9.620000000000000000e+02
3.744810000000000000e+05 8.370000000000000000e+02
3.745310000000000000e+05 1.020000000000000000e+03
3.745810000000000000e+05 9.390000000000000000e+02
3.746310000000000000e+05 1.019000000000000000e+03
3.746810000000000000e+05 1.117000000000000000e+03
3.747310000000000000e+05 1.135000000000000000e+03
3.747810000000000000e+05 1.532000000000000000e+03
3.748310000000000000e+05 2.078000000000000000e+03
3.748810000000000000e+05 4.006000000000000000e+03
3.749310000000000000e+05 1.054100000000000000e+04
3.749810000000000000e+05 1.909700000000000000e+04
3.750310000000000000e+05 1.188400000000000000e+04
3.750810000000000000e+05 1.614800000000000000e+04
3.751310000000000000e+05 5.822000000000000000e+03
3.751810000000000000e+05 2.276000000000000000e+03
3.752310000000000000e+05 1.849000000000000000e+03
3.752810000000000000e+05 1.580000000000000000e+03
3.753310000000000000e+05 1.421000000000000000e+03
3.753810000000000000e+05 9.950000000000000000e+02
3.754310000000000000e+05 8.930000000000000000e+02
3.754810000000000000e+05 1.026000000000000000e+03
3.755310000000000000e+05 1.008000000000000000e+03
3.755810000000000000e+05 8.990000000000000000e+02
3.756310000000000000e+05 9.450000000000000000e+02
3.756810000000000000e+05 9.480000000000000000e+02
3.757310000000000000e+05 9.260000000000000000e+02
3.757810000000000000e+05 9.230000000000000000e+02
3.758310000000000000e+05 8.760000000000000000e+02
3.758810000000000000e+05 9.170000000000000000e+02
3.759310000000000000e+05 8.750000000000000000e+02
