-1.906000000000000000e+03 6.685000000000000000e+03 5.000120000000000000e+05
-1.902000000000000000e+03 5.846000000000000000e+03 5.000120000000000000e+05
-1.898000000000000000e+03 5.809000000000000000e+03 5.000120000000000000e+05
-1.894000000000000000e+03 5.758000000000000000e+03 5.000120000000000000e+05
-1.890000000000000000e+03 5.874000000000000000e+03 5.000080000000000000e+05
-1.886000000000000000e+03 5.817000000000000000e+03 5.000120000000000000e+05
-1.882000000000000000e+03 5.873000000000000000e+03 5.000120000000000000e+05
-1.878000000000000000e+03 5.931000000000000000e+03 5.000080000000000000e+05
-1.874000000000000000e+03 5.945000000000000000e+03 5.000080000000000000e+05
-1.870000000000000000e+03 5.857000000000000000e+03 5.000120000000000000e+05
-1.866000000000000000e+03 6.018000000000000000e+03 5.000080000000000000e+05
-1.862000000000000000e+03 6.133000000000000000e+03 5.000120000000000000e+05
-1.858000000000000000e+03 6.125000000000000000e+03 5.000080000000000000e+05
-1.854000000000000000e+03 6.269000000000000000e+03 5.000120000000000000e+05
-1.850000000000000000e+03 6.215000000000000000e+03 5.000080000000000000e+05
-1.846000000000000000e+03 6.357000000000000000e+03 5.000080000000000000e+05
-1.842000000000000000e+03 6.292000000000000000e+03 5.000080000000000000e+05
-1.838000000000000000e+03 6.042000000000000000e+03 5.000080000000000000e+05
-1.834000000000000000e+03 5.971000000000000000e+03 5.000080000000000000e+05
-1.830000000000000000e+03 6.255000000000000000e+03 5.000120000000000000e+05
-1.826000000000000000e+03 6.023000000000000000e+03 5.000080000000000000e+05
-1.822000000000000000e+03 5.906000000000000000e+03 5.000120000000000000e+05
-1.818000000000000000e+03 5.986000000000000000e+03 5.000120000000000000e+05
-1.814000000000000000e+03 5.913000000000000000e+03 5.000080000000000000e+05
-1.810000000000000000e+03 5.848000000000000000e+03 5.000080000000000000e+05
-1.806000000000000000e+03 5.936000000000000000e+03 5.000120000000000000e+05
-1.802000000000000000e+03 6.034000000000000000e+03 5.000080000000000000e+05
-1.798000000000000000e+03 5.945000000000000000e+03 5.000120000000000000e+05
-1.794000000000000000e+03 5.794000000000000000e+03 5.000120000000000000e+05
-1.790000000000000000e+03 5.842000000000000000e+03 5.000120000000000000e+05
-1.786000000000000000e+03 5.778000000000000000e+03 5.000080000000000000e+05
-1.782000000000000000e+03 5.625000000000000000e+03 5.000080000000000000e+05
-1.778000000000000000e+03 5.824000000000000000e+03 5.000120000000000000e+05
-1.774000000000000000e+03 5.748000000000000000e+03 5.000120000000000000e+05
-1.770000000000000000e+03 5.725000000000000000e+03 5.000080000000000000e+05
-1.766000000000000000e+03 5.613000000000000000e+03 5.000080000000000000e+05
-1.762000000000000000e+03 5.549000000000000000e+03 5.000120000000000000e+05
-1.758000000000000000e+03 5.743000000000000000e+03 5.000120000000000000e+05
-1.754000000000000000e+03 5.509000000000000000e+03 5.000120000000000000e+05
-1.750000000000000000e+03 5.548000000000000000e+03 5.000080000000000000e+05
-1.746000000000000000e+03 5.666000000000000000e+03 5.000080000000000000e+05
-1.742000000000000000e+03 5.534000000000000000e+03 5.000080000000000000e+05
-1.738000000000000000e+03 5.500000000000000000e+03 5.000080000000000000e+05
-1.734000000000000000e+03 5.684000000000000000e+03 5.000080000000000000e+05
-1.730000000000000000e+03 5.574000000000000000e+03 5.000120000000000000e+05
-1.726000000000000000e+03 5.529000000000000000e+03 5.000080000000000000e+05
-1.722000000000000000e+03 5.399000000000000000e+03 5.000120000000000000e+05
-1.718000000000000000e+03 5.301000000000000000e+03 5.000080000000000000e+05
-1.714000000000000000e+03 5.568000000000000000e+03 5.000080000000000000e+05
-1.710000000000000000e+03 5.402000000000000000e+03 5.000080000000000000e+05
-1.706000000000000000e+03 5.399000000000000000e+03 5.000120000000000000e+05
-1.702000000000000000e+03 5.631000000000000000e+03 5.000080000000000000e+05
-1.698000000000000000e+03 5.497000000000000000e+03 5.000120000000000000e+05
-1.694000000000000000e+03 5.408000000000000000e+03 5.000080000000000000e+05
-1.690000000000000000e+03 5.480000000000000000e+03 5.000080000000000000e+05
-1.686000000000000000e+03 5.554000000000000000e+03 5.000080000000000000e+05
-1.682000000000000000e+03 5.526000000000000000e+03 5.000120000000000000e+05
-1.678000000000000000e+03 5.685000000000000000e+03 5.000080000000000000e+05
-1.674000000000000000e+03 5.506000000000000000e+03 5.000080000000000000e+05
-1.670000000000000000e+03 5.390000000000000000e+03 5.000120000000000000e+05
-1.666000000000000000e+03 5.599000000000000000e+03 5.000120000000000000e+05
-1.662000000000000000e+03 5.643000000000000000e+03 5.000080000000000000e+05
-1.658000000000000000e+03 5.543000000000000000e+03 5.000080000000000000e+05
-1.654000000000000000e+03 5.695000000000000000e+03 5.000120000000000000e+05
-1.650000000000000000e+03 5.654000000000000000e+03 5.000080000000000000e+05
-1.646000000000000000e+03 5.668000000000000000e+03 5.000080000000000000e+05
-1.642000000000000000e+03 5.936000000000000000e+03 5.000120000000000000e+05
-1.638000000000000000e+03 5.830000000000000000e+03 5.000120000000000000e+05
-1.634000000000000000e+03 5.741000000000000000e+03 5.000080000000000000e+05
-1.630000000000000000e+03 5.857000000000000000e+03 5.000120000000000000e+05
-1.626000000000000000e+03 5.777000000000000000e+03 5.000120000000000000e+05
-1.622000000000000000e+03 5.701000000000000000e+03 5.000080000000000000e+05
-1.618000000000000000e+03 5.771000000000000000e+03 5.000120000000000000e+05
-1.614000000000000000e+03 5.694000000000000000e+03 5.000120000000000000e+05
-1.610000000000000000e+03 5.740000000000000000e+03 5.000080000000000000e+05
-1.606000000000000000e+03 5.501000000000000000e+03 5.000120000000000000e+05
-1.602000000000000000e+03 5.566000000000000000e+03 5.000080000000000000e+05
-1.598000000000000000e+03 5.700000000000000000e+03 5.000080000000000000e+05
-1.594000000000000000e+03 5.504000000000000000e+03 5.000120000000000000e+05
-1.590000000000000000e+03 5.504000000000000000e+03 5.000080000000000000e+05
-1.586000000000000000e+03 5.502000000000000000e+03 5.000120000000000000e+05
-1.582000000000000000e+03 5.429000000000000000e+03 5.000080000000000000e+05
-1.578000000000000000e+03 5.358000000000000000e+03 5.000080000000000000e+05
-1.574000000000000000e+03 5.471000000000000000e+03 5.000080000000000000e+05
-1.570000000000000000e+03 5.527000000000000000e+03 5.000080000000000000e+05
-1.566000000000000000e+03 5.481000000000000000e+03 5.000120000000000000e+05
-1.562000000000000000e+03 5.402000000000000000e+03 5.000120000000000000e+05
-1.558000000000000000e+03 5.388000000000000000e+03 5.000120000000000000e+05
-1.554000000000000000e+03 5.307000000000000000e+03 5.000120000000000000e+05
-1.550000000000000000e+03 5.320000000000000000e+03 5.000120000000000000e+05
-1.546000000000000000e+03 5.202000000000000000e+03 5.000080000000000000e+05
-1.542000000000000000e+03 5.245000000000000000e+03 5.000080000000000000e+05
-1.538000000000000000e+03 5.275000000000000000e+03 5.000160000000000000e+05
-1.534000000000000000e+03 5.306000000000000000e+03 5.000080000000000000e+05
-1.530000000000000000e+03 5.322000000000000000e+03 5.000080000000000000e+05
-1.526000000000000000e+03 5.256000000000000000e+03 5.000120000000000000e+05
-1.522000000000000000e+03 5.047000000000000000e+03 5.000080000000000000e+05
-1.518000000000000000e+03 5.279000000000000000e+03 5.000080000000000000e+05
-1.514000000000000000e+03 5.311000000000000000e+03 5.000120000000000000e+05
-1.510000000000000000e+03 5.185000000000000000e+03 5.000160000000000000e+05
-1.506000000000000000e+03 5.316000000000000000e+03 5.000080000000000000e+05
-1.502000000000000000e+03 5.434000000000000000e+03 5.000120000000000000e+05
-1.498000000000000000e+03 5.480000000000000000e+03 5.000120000000000000e+05
-1.494000000000000000e+03 5.393000000000000000e+03 5.000120000000000000e+05
-1.490000000000000000e+03 5.309000000000000000e+03 5.000080000000000000e+05
-1.486000000000000000e+03 5.454000000000000000e+03 5.000120000000000000e+05
-1.482000000000000000e+03 5.487000000000000000e+03 5.000080000000000000e+05
-1.478000000000000000e+03 5.377000000000000000e+03 5.000080000000000000e+05
-1.474000000000000000e+03 5.380000000000000000e+03 5.000080000000000000e+05
-1.470000000000000000e+03 5.418000000000000000e+03 5.000120000000000000e+05
-1.466000000000000000e+03 5.463000000000000000e+03 5.000080000000000000e+05
-1.462000000000000000e+03 5.316000000000000000e+03 5.000080000000000000e+05
-1.458000000000000000e+03 5.155000000000000000e+03 5.000080000000000000e+05
-1.454000000000000000e+03 5.403000000000000000e+03 5.000120000000000000e+05
-1.450000000000000000e+03 5.501000000000000000e+03 5.000120000000000000e+05
-1.446000000000000000e+03 5.356000000000000000e+03 5.000080000000000000e+05
-1.442000000000000000e+03 5.424000000000000000e+03 5.000080000000000000e+05
-1.438000000000000000e+03 5.336000000000000000e+03 5.000080000000000000e+05
-1.434000000000000000e+03 5.312000000000000000e+03 5.000080000000000000e+05
-1.430000000000000000e+03 5.433000000000000000e+03 5.000080000000000000e+05
-1.426000000000000000e+03 5.222000000000000000e+03 5.000080000000000000e+05
-1.422000000000000000e+03 5.288000000000000000e+03 5.000120000000000000e+05
-1.418000000000000000e+03 5.323000000000000000e+03 5.000120000000000000e+05
-1.414000000000000000e+03 5.369000000000000000e+03 5.000080000000000000e+05
-1.410000000000000000e+03 5.430000000000000000e+03 5.000120000000000000e+05
-1.406000000000000000e+03 5.317000000000000000e+03 5.000080000000000000e+05
-1.402000000000000000e+03 5.436000000000000000e+03 5.000120000000000000e+05
-1.398000000000000000e+03 5.401000000000000000e+03 5.000080000000000000e+05
-1.394000000000000000e+03 5.481000000000000000e+03 5.000080000000000000e+05
-1.390000000000000000e+03 5.394000000000000000e+03 5.000080000000000000e+05
-1.386000000000000000e+03 5.548000000000000000e+03 5.000080000000000000e+05
-1.382000000000000000e+03 5.642000000000000000e+03 5.000080000000000000e+05
-1.378000000000000000e+03 5.660000000000000000e+03 5.000160000000000000e+05
-1.374000000000000000e+03 5.745000000000000000e+03 5.000120000000000000e+05
-1.370000000000000000e+03 5.726000000000000000e+03 5.000080000000000000e+05
-1.366000000000000000e+03 5.877000000000000000e+03 5.000120000000000000e+05
-1.362000000000000000e+03 5.813000000000000000e+03 5.000080000000000000e+05
-1.358000000000000000e+03 5.745000000000000000e+03 5.000080000000000000e+05
-1.354000000000000000e+03 5.815000000000000000e+03 5.000120000000000000e+05
-1.350000000000000000e+03 5.802000000000000000e+03 5.000080000000000000e+05
-1.346000000000000000e+03 5.727000000000000000e+03 5.000120000000000000e+05
-1.342000000000000000e+03 5.722000000000000000e+03 5.000080000000000000e+05
-1.338000000000000000e+03 5.905000000000000000e+03 5.000120000000000000e+05
-1.334000000000000000e+03 5.826000000000000000e+03 5.000080000000000000e+05
-1.330000000000000000e+03 5.802000000000000000e+03 5.000120000000000000e+05
-1.326000000000000000e+03 5.758000000000000000e+03 5.000080000000000000e+05
-1.322000000000000000e+03 6.002000000000000000e+03 5.000120000000000000e+05
-1.318000000000000000e+03 6.005000000000000000e+03 5.000080000000000000e+05
-1.314000000000000000e+03 6.023000000000000000e+03 5.000120000000000000e+05
-1.310000000000000000e+03 6.047000000000000000e+03 5.000080000000000000e+05
-1.306000000000000000e+03 6.111000000000000000e+03 5.000120000000000000e+05
-1.302000000000000000e+03 6.290000000000000000e+03 5.000120000000000000e+05
-1.298000000000000000e+03 6.236000000000000000e+03 5.000080000000000000e+05
-1.294000000000000000e+03 6.214000000000000000e+03 5.000120000000000000e+05
-1.290000000000000000e+03 6.158000000000000000e+03 5.000080000000000000e+05
-1.286000000000000000e+03 6.210000000000000000e+03 5.000080000000000000e+05
-1.282000000000000000e+03 6.195000000000000000e+03 5.000080000000000000e+05
-1.278000000000000000e+03 5.981000000000000000e+03 5.000120000000000000e+05
-1.274000000000000000e+03 6.282000000000000000e+03 5.000120000000000000e+05
-1.270000000000000000e+03 6.050000000000000000e+03 5.000080000000000000e+05
-1.266000000000000000e+03 6.127000000000000000e+03 5.000120000000000000e+05
-1.262000000000000000e+03 6.143000000000000000e+03 5.000120000000000000e+05
-1.258000000000000000e+03 6.181000000000000000e+03 5.000080000000000000e+05
-1.254000000000000000e+03 5.969000000000000000e+03 5.000080000000000000e+05
-1.250000000000000000e+03 5.930000000000000000e+03 5.000120000000000000e+05
-1.246000000000000000e+03 5.869000000000000000e+03 5.000120000000000000e+05
-1.242000000000000000e+03 6.000000000000000000e+03 5.000160000000000000e+05
-1.238000000000000000e+03 5.959000000000000000e+03 5.000120000000000000e+05
-1.234000000000000000e+03 5.808000000000000000e+03 5.000080000000000000e+05
-1.230000000000000000e+03 5.730000000000000000e+03 5.000120000000000000e+05
-1.226000000000000000e+03 5.873000000000000000e+03 5.000080000000000000e+05
-1.222000000000000000e+03 6.030000000000000000e+03 5.000080000000000000e+05
-1.218000000000000000e+03 6.137000000000000000e+03 5.000120000000000000e+05
-1.214000000000000000e+03 6.062000000000000000e+03 5.000080000000000000e+05
-1.210000000000000000e+03 6.073000000000000000e+03 5.000120000000000000e+05
-1.206000000000000000e+03 6.427000000000000000e+03 5.000080000000000000e+05
-1.202000000000000000e+03 6.379000000000000000e+03 5.000080000000000000e+05
-1.198000000000000000e+03 6.419000000000000000e+03 5.000120000000000000e+05
-1.194000000000000000e+03 6.502000000000000000e+03 5.000080000000000000e+05
-1.190000000000000000e+03 6.542000000000000000e+03 5.000080000000000000e+05
-1.186000000000000000e+03 6.609000000000000000e+03 5.000120000000000000e+05
-1.182000000000000000e+03 6.508000000000000000e+03 5.000080000000000000e+05
-1.178000000000000000e+03 6.254000000000000000e+03 5.000120000000000000e+05
-1.174000000000000000e+03 6.421000000000000000e+03 5.000120000000000000e+05
-1.170000000000000000e+03 6.615000000000000000e+03 5.000080000000000000e+05
-1.166000000000000000e+03 6.745000000000000000e+03 5.000080000000000000e+05
-1.162000000000000000e+03 6.668000000000000000e+03 5.000080000000000000e+05
-1.158000000000000000e+03 6.502000000000000000e+03 5.000120000000000000e+05
-1.154000000000000000e+03 6.473000000000000000e+03 5.000120000000000000e+05
-1.150000000000000000e+03 6.684000000000000000e+03 5.000120000000000000e+05
-1.146000000000000000e+03 6.707000000000000000e+03 5.000080000000000000e+05
-1.142000000000000000e+03 6.643000000000000000e+03 5.000080000000000000e+05
-1.138000000000000000e+03 6.453000000000000000e+03 5.000120000000000000e+05
-1.134000000000000000e+03 6.486000000000000000e+03 5.000160000000000000e+05
-1.130000000000000000e+03 6.442000000000000000e+03 5.000120000000000000e+05
-1.126000000000000000e+03 6.455000000000000000e+03 5.000120000000000000e+05
-1.122000000000000000e+03 6.393000000000000000e+03 5.000080000000000000e+05
-1.118000000000000000e+03 6.338000000000000000e+03 5.000080000000000000e+05
-1.114000000000000000e+03 6.267000000000000000e+03 5.000080000000000000e+05
-1.110000000000000000e+03 6.258000000000000000e+03 5.000080000000000000e+05
-1.106000000000000000e+03 6.051000000000000000e+03 5.000120000000000000e+05
-1.102000000000000000e+03 6.098000000000000000e+03 5.000120000000000000e+05
-1.098000000000000000e+03 5.828000000000000000e+03 5.000080000000000000e+05
-1.094000000000000000e+03 5.949000000000000000e+03 5.000120000000000000e+05
-1.090000000000000000e+03 6.014000000000000000e+03 5.000080000000000000e+05
-1.086000000000000000e+03 6.049000000000000000e+03 5.000080000000000000e+05
-1.082000000000000000e+03 5.956000000000000000e+03 5.000120000000000000e+05
-1.078000000000000000e+03 5.972000000000000000e+03 5.000080000000000000e+05
-1.074000000000000000e+03 6.006000000000000000e+03 5.000080000000000000e+05
-1.070000000000000000e+03 6.079000000000000000e+03 5.000120000000000000e+05
-1.066000000000000000e+03 6.022000000000000000e+03 5.000080000000000000e+05
-1.062000000000000000e+03 5.977000000000000000e+03 5.000080000000000000e+05
-1.058000000000000000e+03 6.124000000000000000e+03 5.000080000000000000e+05
-1.054000000000000000e+03 6.129000000000000000e+03 5.000080000000000000e+05
-1.050000000000000000e+03 6.431000000000000000e+03 5.000080000000000000e+05
-1.046000000000000000e+03 7.029000000000000000e+03 5.000120000000000000e+05
-1.042000000000000000e+03 7.128000000000000000e+03 5.000080000000000000e+05
-1.038000000000000000e+03 7.254000000000000000e+03 5.000120000000000000e+05
-1.034000000000000000e+03 7.621000000000000000e+03 5.000080000000000000e+05
-1.030000000000000000e+03 8.696000000000000000e+03 5.000120000000000000e+05
-1.026000000000000000e+03 8.738000000000000000e+03 5.000080000000000000e+05
-1.022000000000000000e+03 9.333000000000000000e+03 5.000080000000000000e+05
-1.018000000000000000e+03 9.422000000000000000e+03 5.000080000000000000e+05
-1.014000000000000000e+03 1.005500000000000000e+04 5.000120000000000000e+05
-1.010000000000000000e+03 9.886000000000000000e+03 5.000080000000000000e+05
-1.006000000000000000e+03 9.121000000000000000e+03 5.000120000000000000e+05
-1.002000000000000000e+03 9.188000000000000000e+03 5.000080000000000000e+05
-9.980000000000000000e+02 9.918000000000000000e+03 5.000080000000000000e+05
-9.940000000000000000e+02 9.402000000000000000e+03 5.000080000000000000e+05
-9.900000000000000000e+02 9.237000000000000000e+03 5.000080000000000000e+05
-9.860000000000000000e+02 9.072000000000000000e+03 5.000120000000000000e+05
-9.820000000000000000e+02 9.414000000000000000e+03 5.000120000000000000e+05
-9.780000000000000000e+02 8.628000000000000000e+03 5.000120000000000000e+05
-9.740000000000000000e+02 7.712000000000000000e+03 5.000080000000000000e+05
-9.700000000000000000e+02 7.824000000000000000e+03 5.000080000000000000e+05
-9.660000000000000000e+02 7.657000000000000000e+03 5.000080000000000000e+05
-9.620000000000000000e+02 7.857000000000000000e+03 5.000120000000000000e+05
-9.580000000000000000e+02 7.725000000000000000e+03 5.000120000000000000e+05
-9.540000000000000000e+02 7.245000000000000000e+03 5.000080000000000000e+05
-9.500000000000000000e+02 7.317000000000000000e+03 5.000120000000000000e+05
-9.460000000000000000e+02 7.059000000000000000e+03 5.000120000000000000e+05
-9.420000000000000000e+02 6.882000000000000000e+03 5.000120000000000000e+05
-9.380000000000000000e+02 6.871000000000000000e+03 5.000080000000000000e+05
-9.340000000000000000e+02 6.811000000000000000e+03 5.000120000000000000e+05
-9.300000000000000000e+02 6.598000000000000000e+03 5.000120000000000000e+05
-9.260000000000000000e+02 6.488000000000000000e+03 5.000120000000000000e+05
-9.220000000000000000e+02 6.390000000000000000e+03 5.000080000000000000e+05
-9.180000000000000000e+02 6.298000000000000000e+03 5.000080000000000000e+05
-9.140000000000000000e+02 6.306000000000000000e+03 5.000120000000000000e+05
-9.100000000000000000e+02 6.255000000000000000e+03 5.000120000000000000e+05
-9.060000000000000000e+02 6.261000000000000000e+03 5.000080000000000000e+05
-9.020000000000000000e+02 6.226000000000000000e+03 5.000120000000000000e+05
-8.980000000000000000e+02 6.170000000000000000e+03 5.000080000000000000e+05
-8.940000000000000000e+02 6.348000000000000000e+03 5.000120000000000000e+05
-8.900000000000000000e+02 6.215000000000000000e+03 5.000080000000000000e+05
-8.860000000000000000e+02 6.009000000000000000e+03 5.000120000000000000e+05
-8.820000000000000000e+02 6.186000000000000000e+03 5.000080000000000000e+05
-8.780000000000000000e+02 6.162000000000000000e+03 5.000120000000000000e+05
-8.740000000000000000e+02 6.155000000000000000e+03 5.000080000000000000e+05
-8.700000000000000000e+02 6.105000000000000000e+03 5.000080000000000000e+05
-8.660000000000000000e+02 6.116000000000000000e+03 5.000120000000000000e+05
-8.620000000000000000e+02 5.984000000000000000e+03 5.000080000000000000e+05
-8.580000000000000000e+02 6.087000000000000000e+03 5.000080000000000000e+05
-8.540000000000000000e+02 6.135000000000000000e+03 5.000120000000000000e+05
-8.500000000000000000e+02 6.469000000000000000e+03 5.000120000000000000e+05
-8.460000000000000000e+02 6.570000000000000000e+03 5.000080000000000000e+05
-8.420000000000000000e+02 6.431000000000000000e+03 5.000120000000000000e+05
-8.380000000000000000e+02 6.598000000000000000e+03 5.000080000000000000e+05
-8.340000000000000000e+02 6.629000000000000000e+03 5.000080000000000000e+05
-8.300000000000000000e+02 6.859000000000000000e+03 5.000080000000000000e+05
-8.260000000000000000e+02 6.838000000000000000e+03 5.000080000000000000e+05
-8.220000000000000000e+02 6.474000000000000000e+03 5.000120000000000000e+05
-8.180000000000000000e+02 6.283000000000000000e+03 5.000080000000000000e+05
-8.140000000000000000e+02 6.025000000000000000e+03 5.000120000000000000e+05
-8.100000000000000000e+02 5.967000000000000000e+03 5.000120000000000000e+05
-8.060000000000000000e+02 5.767000000000000000e+03 5.000080000000000000e+05
-8.020000000000000000e+02 5.496000000000000000e+03 5.000120000000000000e+05
-7.980000000000000000e+02 5.259000000000000000e+03 5.000080000000000000e+05
-7.940000000000000000e+02 5.245000000000000000e+03 5.000080000000000000e+05
-7.900000000000000000e+02 5.280000000000000000e+03 5.000120000000000000e+05
-7.860000000000000000e+02 5.170000000000000000e+03 5.000080000000000000e+05
-7.820000000000000000e+02 5.127000000000000000e+03 5.000120000000000000e+05
-7.780000000000000000e+02 5.125000000000000000e+03 5.000120000000000000e+05
-7.740000000000000000e+02 5.238000000000000000e+03 5.000080000000000000e+05
-7.700000000000000000e+02 5.224000000000000000e+03 5.000080000000000000e+05
-7.660000000000000000e+02 5.249000000000000000e+03 5.000120000000000000e+05
-7.620000000000000000e+02 5.211000000000000000e+03 5.000120000000000000e+05
-7.580000000000000000e+02 5.194000000000000000e+03 5.000120000000000000e+05
-7.540000000000000000e+02 5.287000000000000000e+03 5.000120000000000000e+05
-7.500000000000000000e+02 5.349000000000000000e+03 5.000080000000000000e+05
-7.460000000000000000e+02 5.251000000000000000e+03 5.000080000000000000e+05
-7.420000000000000000e+02 5.381000000000000000e+03 5.000080000000000000e+05
-7.380000000000000000e+02 5.257000000000000000e+03 5.000120000000000000e+05
-7.340000000000000000e+02 5.344000000000000000e+03 5.000120000000000000e+05
-7.300000000000000000e+02 5.391000000000000000e+03 5.000120000000000000e+05
-7.260000000000000000e+02 5.583000000000000000e+03 5.000120000000000000e+05
-7.220000000000000000e+02 5.566000000000000000e+03 5.000120000000000000e+05
-7.180000000000000000e+02 5.660000000000000000e+03 5.000080000000000000e+05
-7.140000000000000000e+02 5.632000000000000000e+03 5.000080000000000000e+05
-7.100000000000000000e+02 5.674000000000000000e+03 5.000080000000000000e+05
-7.060000000000000000e+02 5.749000000000000000e+03 5.000080000000000000e+05
-7.020000000000000000e+02 5.570000000000000000e+03 5.000080000000000000e+05
-6.980000000000000000e+02 5.704000000000000000e+03 5.000080000000000000e+05
-6.940000000000000000e+02 5.747000000000000000e+03 5.000080000000000000e+05
-6.900000000000000000e+02 5.753000000000000000e+03 5.000120000000000000e+05
-6.860000000000000000e+02 6.049000000000000000e+03 5.000080000000000000e+05
-6.820000000000000000e+02 5.918000000000000000e+03 5.000120000000000000e+05
-6.780000000000000000e+02 5.937000000000000000e+03 5.000080000000000000e+05
-6.740000000000000000e+02 6.265000000000000000e+03 5.000080000000000000e+05
-6.700000000000000000e+02 6.455000000000000000e+03 5.000120000000000000e+05
-6.660000000000000000e+02 6.563000000000000000e+03 5.000080000000000000e+05
-6.620000000000000000e+02 7.122000000000000000e+03 5.000120000000000000e+05
-6.580000000000000000e+02 6.756000000000000000e+03 5.000120000000000000e+05
-6.540000000000000000e+02 7.264000000000000000e+03 5.000120000000000000e+05
-6.500000000000000000e+02 7.428000000000000000e+03 5.000080000000000000e+05
-6.460000000000000000e+02 7.195000000000000000e+03 5.000080000000000000e+05
-6.420000000000000000e+02 7.345000000000000000e+03 5.000120000000000000e+05
-6.380000000000000000e+02 7.016000000000000000e+03 5.000120000000000000e+05
-6.340000000000000000e+02 6.992000000000000000e+03 5.000080000000000000e+05
-6.300000000000000000e+02 7.216000000000000000e+03 5.000080000000000000e+05
-6.260000000000000000e+02 6.997000000000000000e+03 5.000120000000000000e+05
-6.220000000000000000e+02 6.858000000000000000e+03 5.000080000000000000e+05
-6.180000000000000000e+02 7.073000000000000000e+03 5.000120000000000000e+05
-6.140000000000000000e+02 7.417000000000000000e+03 5.000120000000000000e+05
-6.100000000000000000e+02 7.374000000000000000e+03 5.000080000000000000e+05
-6.060000000000000000e+02 7.106000000000000000e+03 5.000120000000000000e+05
-6.020000000000000000e+02 6.929000000000000000e+03 5.000080000000000000e+05
-5.980000000000000000e+02 7.091000000000000000e+03 5.000080000000000000e+05
-5.940000000000000000e+02 6.570000000000000000e+03 5.000080000000000000e+05
-5.900000000000000000e+02 6.854000000000000000e+03 5.000080000000000000e+05
-5.860000000000000000e+02 6.829000000000000000e+03 5.000120000000000000e+05
-5.820000000000000000e+02 6.877000000000000000e+03 5.000120000000000000e+05
-5.780000000000000000e+02 6.862000000000000000e+03 5.000080000000000000e+05
-5.740000000000000000e+02 6.829000000000000000e+03 5.000120000000000000e+05
-5.700000000000000000e+02 7.167000000000000000e+03 5.000080000000000000e+05
-5.660000000000000000e+02 6.668000000000000000e+03 5.000120000000000000e+05
-5.620000000000000000e+02 6.998000000000000000e+03 5.000080000000000000e+05
-5.580000000000000000e+02 7.347000000000000000e+03 5.000120000000000000e+05
-5.540000000000000000e+02 7.281000000000000000e+03 5.000120000000000000e+05
-5.500000000000000000e+02 7.436000000000000000e+03 5.000120000000000000e+05
-5.460000000000000000e+02 7.341000000000000000e+03 5.000120000000000000e+05
-5.420000000000000000e+02 7.403000000000000000e+03 5.000080000000000000e+05
-5.380000000000000000e+02 7.819000000000000000e+03 5.000120000000000000e+05
-5.340000000000000000e+02 8.038000000000000000e+03 5.000120000000000000e+05
-5.300000000000000000e+02 7.922000000000000000e+03 5.000080000000000000e+05
-5.260000000000000000e+02 8.385000000000000000e+03 5.000120000000000000e+05
-5.220000000000000000e+02 8.976000000000000000e+03 5.000080000000000000e+05
-5.180000000000000000e+02 9.582000000000000000e+03 5.000120000000000000e+05
-5.140000000000000000e+02 9.453000000000000000e+03 5.000080000000000000e+05
-5.100000000000000000e+02 9.924000000000000000e+03 5.000080000000000000e+05
-5.060000000000000000e+02 1.034400000000000000e+04 5.000080000000000000e+05
-5.020000000000000000e+02 1.112700000000000000e+04 5.000080000000000000e+05
-4.980000000000000000e+02 1.095300000000000000e+04 5.000120000000000000e+05
-4.940000000000000000e+02 1.145800000000000000e+04 5.000080000000000000e+05
-4.900000000000000000e+02 1.142900000000000000e+04 5.000080000000000000e+05
-4.860000000000000000e+02 1.146100000000000000e+04 5.000120000000000000e+05
-4.820000000000000000e+02 1.211500000000000000e+04 5.000080000000000000e+05
-4.780000000000000000e+02 1.247000000000000000e+04 5.000080000000000000e+05
-4.740000000000000000e+02 1.288300000000000000e+04 5.000080000000000000e+05
-4.700000000000000000e+02 1.247700000000000000e+04 5.000120000000000000e+05
-4.660000000000000000e+02 1.325600000000000000e+04 5.000080000000000000e+05
-4.620000000000000000e+02 1.306300000000000000e+04 5.000120000000000000e+05
-4.580000000000000000e+02 1.270100000000000000e+04 5.000080000000000000e+05
-4.540000000000000000e+02 1.249500000000000000e+04 5.000120000000000000e+05
-4.500000000000000000e+02 1.265100000000000000e+04 5.000120000000000000e+05
-4.460000000000000000e+02 1.249700000000000000e+04 5.000080000000000000e+05
-4.420000000000000000e+02 1.246300000000000000e+04 5.000120000000000000e+05
-4.380000000000000000e+02 1.260000000000000000e+04 5.000120000000000000e+05
-4.340000000000000000e+02 1.316300000000000000e+04 5.000160000000000000e+05
-4.300000000000000000e+02 1.266200000000000000e+04 5.000120000000000000e+05
-4.260000000000000000e+02 1.279100000000000000e+04 5.000120000000000000e+05
-4.220000000000000000e+02 1.144800000000000000e+04 5.000080000000000000e+05
-4.180000000000000000e+02 1.177700000000000000e+04 5.000080000000000000e+05
-4.140000000000000000e+02 1.145900000000000000e+04 5.000080000000000000e+05
-4.100000000000000000e+02 1.124000000000000000e+04 5.000120000000000000e+05
-4.060000000000000000e+02 1.154000000000000000e+04 5.000120000000000000e+05
-4.020000000000000000e+02 1.114500000000000000e+04 5.000080000000000000e+05
-3.980000000000000000e+02 1.097000000000000000e+04 5.000120000000000000e+05
-3.940000000000000000e+02 1.093100000000000000e+04 5.000080000000000000e+05
-3.900000000000000000e+02 1.096100000000000000e+04 5.000080000000000000e+05
-3.860000000000000000e+02 1.223400000000000000e+04 5.000120000000000000e+05
-3.820000000000000000e+02 1.196900000000000000e+04 5.000080000000000000e+05
-3.780000000000000000e+02 1.232400000000000000e+04 5.000080000000000000e+05
-3.740000000000000000e+02 1.253100000000000000e+04 5.000080000000000000e+05
-3.700000000000000000e+02 1.349800000000000000e+04 5.000080000000000000e+05
-3.660000000000000000e+02 1.412900000000000000e+04 5.000080000000000000e+05
-3.620000000000000000e+02 1.505600000000000000e+04 5.000080000000000000e+05
-3.580000000000000000e+02 1.410500000000000000e+04 5.000120000000000000e+05
-3.540000000000000000e+02 1.537200000000000000e+04 5.000080000000000000e+05
-3.500000000000000000e+02 1.601400000000000000e+04 5.000080000000000000e+05
-3.460000000000000000e+02 1.759400000000000000e+04 5.000120000000000000e+05
-3.420000000000000000e+02 1.792600000000000000e+04 5.000120000000000000e+05
-3.380000000000000000e+02 2.017200000000000000e+04 5.000080000000000000e+05
-3.340000000000000000e+02 3.014500000000000000e+04 5.000080000000000000e+05
-3.300000000000000000e+02 1.058640000000000000e+05 5.000120000000000000e+05
-3.260000000000000000e+02 5.820010000000000000e+05 5.000080000000000000e+05
-3.220000000000000000e+02 5.962110000000000000e+05 5.000080000000000000e+05
-3.180000000000000000e+02 6.546720000000000000e+05 5.000120000000000000e+05
-3.140000000000000000e+02 1.043306000000000000e+06 5.000080000000000000e+05
-3.100000000000000000e+02 1.637890000000000000e+06 5.000080000000000000e+05
-3.060000000000000000e+02 3.172930000000000000e+06 5.000080000000000000e+05
-3.020000000000000000e+02 4.980022000000000000e+06 5.000120000000000000e+05
-2.980000000000000000e+02 4.823614000000000000e+06 5.000080000000000000e+05
-2.940000000000000000e+02 4.200846000000000000e+06 5.000120000000000000e+05
-2.900000000000000000e+02 3.932744000000000000e+06 5.000080000000000000e+05
-2.860000000000000000e+02 2.328225000000000000e+06 5.000080000000000000e+05
-2.820000000000000000e+02 1.349387000000000000e+06 5.000080000000000000e+05
-2.780000000000000000e+02 5.750790000000000000e+05 5.000080000000000000e+05
-2.740000000000000000e+02 2.648390000000000000e+05 5.000080000000000000e+05
-2.700000000000000000e+02 1.163690000000000000e+05 5.000120000000000000e+05
-2.660000000000000000e+02 7.753500000000000000e+04 5.000080000000000000e+05
-2.620000000000000000e+02 6.354700000000000000e+04 5.000120000000000000e+05
-2.580000000000000000e+02 5.551300000000000000e+04 5.000080000000000000e+05
-2.540000000000000000e+02 4.398000000000000000e+04 5.000120000000000000e+05
-2.500000000000000000e+02 4.696800000000000000e+04 5.000120000000000000e+05
-2.460000000000000000e+02 3.906600000000000000e+04 5.000120000000000000e+05
-2.420000000000000000e+02 3.818900000000000000e+04 5.000080000000000000e+05
-2.380000000000000000e+02 4.120400000000000000e+04 5.000080000000000000e+05
-2.340000000000000000e+02 4.690000000000000000e+04 5.000080000000000000e+05
-2.300000000000000000e+02 6.891100000000000000e+04 5.000120000000000000e+05
-2.260000000000000000e+02 8.170400000000000000e+04 5.000120000000000000e+05
-2.220000000000000000e+02 6.587800000000000000e+04 5.000120000000000000e+05
-2.180000000000000000e+02 5.336900000000000000e+04 5.000080000000000000e+05
-2.140000000000000000e+02 3.679100000000000000e+04 5.000080000000000000e+05
-2.100000000000000000e+02 3.348800000000000000e+04 5.000080000000000000e+05
-2.060000000000000000e+02 3.321400000000000000e+04 5.000120000000000000e+05
-2.020000000000000000e+02 3.362000000000000000e+04 5.000120000000000000e+05
-1.980000000000000000e+02 4.309500000000000000e+04 5.000120000000000000e+05
-1.940000000000000000e+02 5.715700000000000000e+04 5.000080000000000000e+05
-1.900000000000000000e+02 6.787300000000000000e+04 5.000080000000000000e+05
-1.860000000000000000e+02 5.847400000000000000e+04 5.000120000000000000e+05
-1.820000000000000000e+02 4.180000000000000000e+04 5.000120000000000000e+05
-1.780000000000000000e+02 3.159200000000000000e+04 5.000080000000000000e+05
-1.740000000000000000e+02 2.332200000000000000e+04 5.000120000000000000e+05
-1.700000000000000000e+02 1.958600000000000000e+04 5.000080000000000000e+05
-1.660000000000000000e+02 1.513300000000000000e+04 5.000120000000000000e+05
-1.620000000000000000e+02 1.258600000000000000e+04 5.000080000000000000e+05
-1.580000000000000000e+02 1.081800000000000000e+04 5.000080000000000000e+05
-1.540000000000000000e+02 1.053600000000000000e+04 5.000120000000000000e+05
-1.500000000000000000e+02 9.501000000000000000e+03 5.000080000000000000e+05
-1.460000000000000000e+02 9.478000000000000000e+03 5.000120000000000000e+05
-1.420000000000000000e+02 8.968000000000000000e+03 5.000120000000000000e+05
-1.380000000000000000e+02 9.124000000000000000e+03 5.000080000000000000e+05
-1.340000000000000000e+02 8.695000000000000000e+03 5.000080000000000000e+05
-1.300000000000000000e+02 8.635000000000000000e+03 5.000120000000000000e+05
-1.260000000000000000e+02 8.814000000000000000e+03 5.000080000000000000e+05
-1.220000000000000000e+02 8.792000000000000000e+03 5.000120000000000000e+05
-1.180000000000000000e+02 8.627000000000000000e+03 5.000120000000000000e+05
-1.140000000000000000e+02 8.947000000000000000e+03 5.000080000000000000e+05
-1.100000000000000000e+02 9.080000000000000000e+03 5.000080000000000000e+05
-1.060000000000000000e+02 8.951000000000000000e+03 5.000080000000000000e+05
-1.020000000000000000e+02 8.803000000000000000e+03 5.000080000000000000e+05
-9.800000000000000000e+01 8.394000000000000000e+03 5.000120000000000000e+05
-9.400000000000000000e+01 8.341000000000000000e+03 5.000120000000000000e+05
-9.000000000000000000e+01 8.422000000000000000e+03 5.000080000000000000e+05
-8.600000000000000000e+01 8.914000000000000000e+03 5.000080000000000000e+05
-8.200000000000000000e+01 8.577000000000000000e+03 5.000080000000000000e+05
-7.800000000000000000e+01 9.059000000000000000e+03 5.000080000000000000e+05
-7.400000000000000000e+01 8.978000000000000000e+03 5.000080000000000000e+05
-7.000000000000000000e+01 9.697000000000000000e+03 5.000080000000000000e+05
-6.600000000000000000e+01 1.024600000000000000e+04 5.000120000000000000e+05
-6.200000000000000000e+01 1.106400000000000000e+04 5.000120000000000000e+05
-5.800000000000000000e+01 1.209100000000000000e+04 5.000120000000000000e+05
-5.400000000000000000e+01 1.403600000000000000e+04 5.000080000000000000e+05
-5.000000000000000000e+01 1.604800000000000000e+04 5.000080000000000000e+05
-4.600000000000000000e+01 1.893000000000000000e+04 5.000080000000000000e+05
-4.200000000000000000e+01 2.011000000000000000e+04 5.000080000000000000e+05
-3.800000000000000000e+01 2.052000000000000000e+04 5.000080000000000000e+05
-3.400000000000000000e+01 2.100900000000000000e+04 5.000080000000000000e+05
-3.000000000000000000e+01 2.359700000000000000e+04 5.000120000000000000e+05
-2.600000000000000000e+01 2.652300000000000000e+04 5.000120000000000000e+05
-2.200000000000000000e+01 3.299100000000000000e+04 5.000080000000000000e+05
-1.800000000000000000e+01 3.560700000000000000e+04 5.000080000000000000e+05
-1.400000000000000000e+01 2.578800000000000000e+04 5.000080000000000000e+05
-1.000000000000000000e+01 2.096800000000000000e+04 5.000080000000000000e+05
-6.000000000000000000e+00 1.453400000000000000e+04 5.000120000000000000e+05
-2.000000000000000000e+00 1.247600000000000000e+04 5.000120000000000000e+05
2.000000000000000000e+00 1.036300000000000000e+04 5.000080000000000000e+05
6.000000000000000000e+00 9.769000000000000000e+03 5.000120000000000000e+05
1.000000000000000000e+01 9.419000000000000000e+03 5.000080000000000000e+05
1.400000000000000000e+01 9.126000000000000000e+03 5.000120000000000000e+05
1.800000000000000000e+01 8.878000000000000000e+03 5.000080000000000000e+05
2.200000000000000000e+01 8.669000000000000000e+03 5.000120000000000000e+05
2.600000000000000000e+01 8.387000000000000000e+03 5.000080000000000000e+05
3.000000000000000000e+01 8.309000000000000000e+03 5.000120000000000000e+05
3.400000000000000000e+01 8.302000000000000000e+03 5.000120000000000000e+05
3.800000000000000000e+01 8.208000000000000000e+03 5.000080000000000000e+05
4.200000000000000000e+01 8.575000000000000000e+03 5.000120000000000000e+05
4.600000000000000000e+01 8.549000000000000000e+03 5.000120000000000000e+05
5.000000000000000000e+01 8.097000000000000000e+03 5.000080000000000000e+05
5.400000000000000000e+01 8.288000000000000000e+03 5.000120000000000000e+05
5.800000000000000000e+01 8.398000000000000000e+03 5.000120000000000000e+05
6.200000000000000000e+01 8.327000000000000000e+03 5.000080000000000000e+05
6.600000000000000000e+01 8.595000000000000000e+03 5.000080000000000000e+05
7.000000000000000000e+01 8.503000000000000000e+03 5.000080000000000000e+05
7.400000000000000000e+01 8.906000000000000000e+03 5.000080000000000000e+05
7.800000000000000000e+01 8.333000000000000000e+03 5.000120000000000000e+05
8.200000000000000000e+01 9.035000000000000000e+03 5.000120000000000000e+05
8.600000000000000000e+01 9.039000000000000000e+03 5.000080000000000000e+05
9.000000000000000000e+01 8.451000000000000000e+03 5.000080000000000000e+05
