3.706860000000000000e+05 1.480000000000000000e+03
3.707860000000000000e+05 1.383000000000000000e+03
3.708860000000000000e+05 1.417000000000000000e+03
3.709860000000000000e+05 1.446000000000000000e+03
3.710860000000000000e+05 1.628000000000000000e+03
3.711860000000000000e+05 1.514000000000000000e+03
3.712860000000000000e+05 1.442000000000000000e+03
3.713860000000000000e+05 1.403000000000000000e+03
3.714860000000000000e+05 1.514000000000000000e+03
3.715860000000000000e+05 1.466000000000000000e+03
3.716860000000000000e+05 1.466000000000000000e+03
3.717860000000000000e+05 1.622000000000000000e+03
3.718860000000000000e+05 1.506000000000000000e+03
3.719860000000000000e+05 1.541000000000000000e+03
3.720860000000000000e+05 1.471000000000000000e+03
3.721860000000000000e+05 1.460000000000000000e+03
3.722860000000000000e+05 1.459000000000000000e+03
3.723860000000000000e+05 1.338000000000000000e+03
3.724860000000000000e+05 1.497000000000000000e+03
3.725860000000000000e+05 1.543000000000000000e+03
