3.558860000000000000e+05 0.000000000000000000e+00
3.568860000000000000e+05 0.000000000000000000e+00
3.578860000000000000e+05 0.000000000000000000e+00
3.588860000000000000e+05 0.000000000000000000e+00
3.598860000000000000e+05 0.000000000000000000e+00
3.608860000000000000e+05 0.000000000000000000e+00
3.618860000000000000e+05 0.000000000000000000e+00
3.628860000000000000e+05 0.000000000000000000e+00
3.638860000000000000e+05 0.000000000000000000e+00
3.648860000000000000e+05 0.000000000000000000e+00
