3.724260000000000000e+05 8.000000000000000000e+00
3.725260000000000000e+05 7.000000000000000000e+00
3.726260000000000000e+05 7.000000000000000000e+00
3.727260000000000000e+05 8.000000000000000000e+00
3.728260000000000000e+05 6.000000000000000000e+00
3.729260000000000000e+05 7.000000000000000000e+00
3.730260000000000000e+05 5.000000000000000000e+00
3.731260000000000000e+05 7.000000000000000000e+00
3.732260000000000000e+05 6.000000000000000000e+00
3.733260000000000000e+05 8.000000000000000000e+00
3.734260000000000000e+05 7.000000000000000000e+00
3.735260000000000000e+05 5.000000000000000000e+00
3.736260000000000000e+05 8.000000000000000000e+00
3.737260000000000000e+05 8.000000000000000000e+00
3.738260000000000000e+05 8.000000000000000000e+00
3.739260000000000000e+05 6.000000000000000000e+00
3.740260000000000000e+05 6.000000000000000000e+00
3.741260000000000000e+05 7.000000000000000000e+00
3.742260000000000000e+05 7.000000000000000000e+00
3.743260000000000000e+05 8.000000000000000000e+00
3.744260000000000000e+05 7.000000000000000000e+00
3.745260000000000000e+05 8.000000000000000000e+00
3.746260000000000000e+05 6.000000000000000000e+00
3.747260000000000000e+05 7.000000000000000000e+00
3.748260000000000000e+05 6.000000000000000000e+00
3.749260000000000000e+05 6.000000000000000000e+00
3.750260000000000000e+05 5.000000000000000000e+00
3.751260000000000000e+05 5.000000000000000000e+00
3.752260000000000000e+05 1.500000000000000000e+01
3.753260000000000000e+05 9.000000000000000000e+00
3.754260000000000000e+05 7.000000000000000000e+00
3.755260000000000000e+05 9.000000000000000000e+00
3.756260000000000000e+05 8.000000000000000000e+00
3.757260000000000000e+05 7.000000000000000000e+00
3.758260000000000000e+05 7.000000000000000000e+00
3.759260000000000000e+05 8.000000000000000000e+00
3.760260000000000000e+05 7.000000000000000000e+00
3.761260000000000000e+05 7.000000000000000000e+00
3.762260000000000000e+05 6.000000000000000000e+00
3.763260000000000000e+05 6.000000000000000000e+00
3.764260000000000000e+05 6.000000000000000000e+00
3.765260000000000000e+05 6.000000000000000000e+00
3.766260000000000000e+05 6.000000000000000000e+00
3.767260000000000000e+05 8.000000000000000000e+00
3.768260000000000000e+05 9.000000000000000000e+00
3.769260000000000000e+05 7.000000000000000000e+00
3.770260000000000000e+05 5.000000000000000000e+00
3.771260000000000000e+05 7.000000000000000000e+00
3.772260000000000000e+05 7.000000000000000000e+00
3.773260000000000000e+05 6.000000000000000000e+00
3.774260000000000000e+05 8.000000000000000000e+00
3.775260000000000000e+05 7.000000000000000000e+00
3.776260000000000000e+05 5.000000000000000000e+00
3.777260000000000000e+05 7.000000000000000000e+00
3.778260000000000000e+05 7.000000000000000000e+00
3.779260000000000000e+05 6.000000000000000000e+00
3.780260000000000000e+05 8.000000000000000000e+00
3.781260000000000000e+05 8.000000000000000000e+00
3.782260000000000000e+05 7.000000000000000000e+00
3.783260000000000000e+05 7.000000000000000000e+00
3.784260000000000000e+05 6.000000000000000000e+00
3.785260000000000000e+05 7.000000000000000000e+00
3.786260000000000000e+05 8.000000000000000000e+00
3.787260000000000000e+05 7.000000000000000000e+00
3.788260000000000000e+05 7.000000000000000000e+00
3.789260000000000000e+05 7.000000000000000000e+00
3.790260000000000000e+05 7.000000000000000000e+00
3.791260000000000000e+05 7.000000000000000000e+00
3.792260000000000000e+05 8.000000000000000000e+00
3.793260000000000000e+05 7.000000000000000000e+00
3.794260000000000000e+05 8.000000000000000000e+00
3.795260000000000000e+05 8.000000000000000000e+00
3.796260000000000000e+05 6.000000000000000000e+00
3.797260000000000000e+05 8.000000000000000000e+00
3.798260000000000000e+05 6.000000000000000000e+00
3.799260000000000000e+05 8.000000000000000000e+00
3.800260000000000000e+05 6.000000000000000000e+00
3.801260000000000000e+05 8.000000000000000000e+00
3.802260000000000000e+05 7.000000000000000000e+00
3.803260000000000000e+05 6.000000000000000000e+00
3.804260000000000000e+05 8.000000000000000000e+00
3.805260000000000000e+05 6.000000000000000000e+00
3.806260000000000000e+05 8.000000000000000000e+00
3.807260000000000000e+05 7.000000000000000000e+00
3.808260000000000000e+05 5.000000000000000000e+00
3.809260000000000000e+05 6.000000000000000000e+00
3.810260000000000000e+05 7.000000000000000000e+00
3.811260000000000000e+05 7.000000000000000000e+00
3.812260000000000000e+05 7.000000000000000000e+00
3.813260000000000000e+05 7.000000000000000000e+00
3.814260000000000000e+05 6.000000000000000000e+00
3.815260000000000000e+05 8.000000000000000000e+00
3.816260000000000000e+05 7.000000000000000000e+00
3.817260000000000000e+05 6.000000000000000000e+00
3.818260000000000000e+05 6.000000000000000000e+00
3.819260000000000000e+05 7.000000000000000000e+00
3.820260000000000000e+05 7.000000000000000000e+00
3.821260000000000000e+05 8.000000000000000000e+00
3.822260000000000000e+05 6.000000000000000000e+00
3.823260000000000000e+05 7.000000000000000000e+00
3.824260000000000000e+05 6.000000000000000000e+00
3.825260000000000000e+05 9.000000000000000000e+00
3.826260000000000000e+05 8.000000000000000000e+00
3.827260000000000000e+05 7.000000000000000000e+00
3.828260000000000000e+05 5.000000000000000000e+00
3.829260000000000000e+05 8.000000000000000000e+00
3.830260000000000000e+05 6.000000000000000000e+00
3.831260000000000000e+05 7.000000000000000000e+00
3.832260000000000000e+05 7.000000000000000000e+00
3.833260000000000000e+05 7.000000000000000000e+00
3.834260000000000000e+05 7.000000000000000000e+00
3.835260000000000000e+05 8.000000000000000000e+00
3.836260000000000000e+05 7.000000000000000000e+00
3.837260000000000000e+05 7.000000000000000000e+00
3.838260000000000000e+05 7.000000000000000000e+00
3.839260000000000000e+05 8.000000000000000000e+00
3.840260000000000000e+05 6.000000000000000000e+00
3.841260000000000000e+05 7.000000000000000000e+00
3.842260000000000000e+05 6.000000000000000000e+00
3.843260000000000000e+05 7.000000000000000000e+00
3.844260000000000000e+05 6.000000000000000000e+00
3.845260000000000000e+05 6.000000000000000000e+00
3.846260000000000000e+05 7.000000000000000000e+00
3.847260000000000000e+05 8.000000000000000000e+00
3.848260000000000000e+05 8.000000000000000000e+00
3.849260000000000000e+05 7.000000000000000000e+00
3.850260000000000000e+05 7.000000000000000000e+00
3.851260000000000000e+05 7.000000000000000000e+00
3.852260000000000000e+05 7.000000000000000000e+00
3.853260000000000000e+05 8.000000000000000000e+00
3.854260000000000000e+05 7.000000000000000000e+00
3.855260000000000000e+05 9.000000000000000000e+00
3.856260000000000000e+05 5.000000000000000000e+00
3.857260000000000000e+05 8.000000000000000000e+00
3.858260000000000000e+05 8.000000000000000000e+00
3.859260000000000000e+05 6.000000000000000000e+00
3.860260000000000000e+05 8.000000000000000000e+00
3.861260000000000000e+05 7.000000000000000000e+00
3.862260000000000000e+05 6.000000000000000000e+00
3.863260000000000000e+05 7.000000000000000000e+00
3.864260000000000000e+05 9.000000000000000000e+00
3.865260000000000000e+05 6.000000000000000000e+00
3.866260000000000000e+05 7.000000000000000000e+00
3.867260000000000000e+05 8.000000000000000000e+00
3.868260000000000000e+05 8.000000000000000000e+00
3.869260000000000000e+05 7.000000000000000000e+00
3.870260000000000000e+05 8.000000000000000000e+00
3.871260000000000000e+05 7.000000000000000000e+00
3.872260000000000000e+05 7.000000000000000000e+00
3.873260000000000000e+05 6.000000000000000000e+00
3.874260000000000000e+05 7.000000000000000000e+00
3.875260000000000000e+05 8.000000000000000000e+00
3.876260000000000000e+05 6.000000000000000000e+00
3.877260000000000000e+05 7.000000000000000000e+00
3.878260000000000000e+05 7.000000000000000000e+00
3.879260000000000000e+05 8.000000000000000000e+00
3.880260000000000000e+05 6.000000000000000000e+00
3.881260000000000000e+05 8.000000000000000000e+00
3.882260000000000000e+05 8.000000000000000000e+00
3.883260000000000000e+05 7.000000000000000000e+00
3.884260000000000000e+05 7.000000000000000000e+00
3.885260000000000000e+05 8.000000000000000000e+00
3.886260000000000000e+05 7.000000000000000000e+00
3.887260000000000000e+05 8.000000000000000000e+00
3.888260000000000000e+05 7.000000000000000000e+00
3.889260000000000000e+05 8.000000000000000000e+00
3.890260000000000000e+05 7.000000000000000000e+00
3.891260000000000000e+05 8.000000000000000000e+00
3.892260000000000000e+05 8.000000000000000000e+00
3.893260000000000000e+05 7.000000000000000000e+00
3.894260000000000000e+05 8.000000000000000000e+00
3.895260000000000000e+05 8.000000000000000000e+00
3.896260000000000000e+05 8.000000000000000000e+00
3.897260000000000000e+05 7.000000000000000000e+00
3.898260000000000000e+05 8.000000000000000000e+00
3.899260000000000000e+05 6.000000000000000000e+00
3.900260000000000000e+05 6.000000000000000000e+00
3.901260000000000000e+05 7.000000000000000000e+00
3.902260000000000000e+05 8.000000000000000000e+00
3.903260000000000000e+05 8.000000000000000000e+00
3.904260000000000000e+05 7.000000000000000000e+00
3.905260000000000000e+05 5.000000000000000000e+00
3.906260000000000000e+05 8.000000000000000000e+00
3.907260000000000000e+05 6.000000000000000000e+00
3.908260000000000000e+05 5.000000000000000000e+00
3.909260000000000000e+05 5.000000000000000000e+00
3.910260000000000000e+05 7.000000000000000000e+00
3.911260000000000000e+05 6.000000000000000000e+00
3.912260000000000000e+05 7.000000000000000000e+00
3.913260000000000000e+05 7.000000000000000000e+00
3.914260000000000000e+05 7.000000000000000000e+00
3.915260000000000000e+05 6.000000000000000000e+00
3.916260000000000000e+05 7.000000000000000000e+00
3.917260000000000000e+05 8.000000000000000000e+00
3.918260000000000000e+05 6.000000000000000000e+00
3.919260000000000000e+05 6.000000000000000000e+00
3.920260000000000000e+05 7.000000000000000000e+00
3.921260000000000000e+05 7.000000000000000000e+00
3.922260000000000000e+05 8.000000000000000000e+00
3.923260000000000000e+05 7.000000000000000000e+00
