3.729810000000000000e+05 4.210000000000000000e+02
3.730810000000000000e+05 4.500000000000000000e+02
3.731810000000000000e+05 4.170000000000000000e+02
3.732810000000000000e+05 4.750000000000000000e+02
3.733810000000000000e+05 4.950000000000000000e+02
3.734810000000000000e+05 4.380000000000000000e+02
3.735810000000000000e+05 4.650000000000000000e+02
3.736810000000000000e+05 4.110000000000000000e+02
3.737810000000000000e+05 5.200000000000000000e+02
3.738810000000000000e+05 3.950000000000000000e+02
3.739810000000000000e+05 4.840000000000000000e+02
3.740810000000000000e+05 5.080000000000000000e+02
3.741810000000000000e+05 4.570000000000000000e+02
3.742810000000000000e+05 4.140000000000000000e+02
3.743810000000000000e+05 4.510000000000000000e+02
3.744810000000000000e+05 5.030000000000000000e+02
3.745810000000000000e+05 4.400000000000000000e+02
3.746810000000000000e+05 4.490000000000000000e+02
3.747810000000000000e+05 5.100000000000000000e+02
3.748810000000000000e+05 5.480000000000000000e+02
3.749810000000000000e+05 4.940000000000000000e+02
3.750810000000000000e+05 3.770000000000000000e+02
3.751810000000000000e+05 4.320000000000000000e+02
3.752810000000000000e+05 4.770000000000000000e+02
3.753810000000000000e+05 4.910000000000000000e+02
3.754810000000000000e+05 5.160000000000000000e+02
3.755810000000000000e+05 4.720000000000000000e+02
3.756810000000000000e+05 4.740000000000000000e+02
3.757810000000000000e+05 4.850000000000000000e+02
3.758810000000000000e+05 4.630000000000000000e+02
3.759810000000000000e+05 5.490000000000000000e+02
3.760810000000000000e+05 4.470000000000000000e+02
3.761810000000000000e+05 4.630000000000000000e+02
3.762810000000000000e+05 4.340000000000000000e+02
3.763810000000000000e+05 5.310000000000000000e+02
3.764810000000000000e+05 4.730000000000000000e+02
3.765810000000000000e+05 4.220000000000000000e+02
3.766810000000000000e+05 5.030000000000000000e+02
3.767810000000000000e+05 4.190000000000000000e+02
3.768810000000000000e+05 3.890000000000000000e+02
