3.740260000000000000e+05 4.000000000000000000e+00
3.740760000000000000e+05 7.000000000000000000e+00
3.741260000000000000e+05 6.000000000000000000e+00
3.741760000000000000e+05 7.000000000000000000e+00
3.742260000000000000e+05 5.000000000000000000e+00
3.742760000000000000e+05 6.000000000000000000e+00
3.743260000000000000e+05 8.000000000000000000e+00
3.743760000000000000e+05 7.000000000000000000e+00
3.744260000000000000e+05 6.000000000000000000e+00
3.744760000000000000e+05 7.000000000000000000e+00
3.745260000000000000e+05 6.000000000000000000e+00
3.745760000000000000e+05 6.000000000000000000e+00
3.746260000000000000e+05 6.000000000000000000e+00
3.746760000000000000e+05 7.000000000000000000e+00
3.747260000000000000e+05 7.000000000000000000e+00
3.747760000000000000e+05 8.000000000000000000e+00
3.748260000000000000e+05 7.000000000000000000e+00
3.748760000000000000e+05 7.000000000000000000e+00
3.749260000000000000e+05 6.000000000000000000e+00
3.749760000000000000e+05 8.000000000000000000e+00
3.750260000000000000e+05 8.000000000000000000e+00
3.750760000000000000e+05 6.000000000000000000e+00
3.751260000000000000e+05 6.000000000000000000e+00
3.751760000000000000e+05 7.000000000000000000e+00
3.752260000000000000e+05 7.000000000000000000e+00
3.752760000000000000e+05 8.000000000000000000e+00
3.753260000000000000e+05 7.000000000000000000e+00
3.753760000000000000e+05 7.000000000000000000e+00
3.754260000000000000e+05 7.000000000000000000e+00
3.754760000000000000e+05 6.000000000000000000e+00
3.755260000000000000e+05 8.000000000000000000e+00
3.755760000000000000e+05 6.000000000000000000e+00
3.756260000000000000e+05 8.000000000000000000e+00
3.756760000000000000e+05 7.000000000000000000e+00
3.757260000000000000e+05 7.000000000000000000e+00
3.757760000000000000e+05 5.000000000000000000e+00
3.758260000000000000e+05 8.000000000000000000e+00
3.758760000000000000e+05 5.000000000000000000e+00
3.759260000000000000e+05 7.000000000000000000e+00
3.759760000000000000e+05 6.000000000000000000e+00
