8.000000000000000000e+02 0.000000000000000000e+00 1.000008000000000000e+06
8.005000000000000000e+02 0.000000000000000000e+00 1.000012000000000000e+06
8.010000000000000000e+02 0.000000000000000000e+00 1.000008000000000000e+06
8.015000000000000000e+02 0.000000000000000000e+00 1.000008000000000000e+06
8.020000000000000000e+02 0.000000000000000000e+00 1.000008000000000000e+06
8.025000000000000000e+02 0.000000000000000000e+00 1.000008000000000000e+06
8.030000000000000000e+02 0.000000000000000000e+00 1.000008000000000000e+06
8.035000000000000000e+02 0.000000000000000000e+00 1.000008000000000000e+06
8.040000000000000000e+02 0.000000000000000000e+00 1.000012000000000000e+06
8.045000000000000000e+02 0.000000000000000000e+00 1.000012000000000000e+06
8.050000000000000000e+02 0.000000000000000000e+00 1.000012000000000000e+06
8.055000000000000000e+02 0.000000000000000000e+00 1.000012000000000000e+06
8.060000000000000000e+02 0.000000000000000000e+00 1.000012000000000000e+06
8.065000000000000000e+02 0.000000000000000000e+00 1.000012000000000000e+06
8.070000000000000000e+02 0.000000000000000000e+00 1.000012000000000000e+06
8.075000000000000000e+02 0.000000000000000000e+00 1.000012000000000000e+06
8.080000000000000000e+02 0.000000000000000000e+00 1.000008000000000000e+06
8.085000000000000000e+02 0.000000000000000000e+00 1.000008000000000000e+06
8.090000000000000000e+02 0.000000000000000000e+00 1.000008000000000000e+06
8.095000000000000000e+02 0.000000000000000000e+00 1.000008000000000000e+06
8.100000000000000000e+02 0.000000000000000000e+00 1.000008000000000000e+06
8.105000000000000000e+02 0.000000000000000000e+00 1.000012000000000000e+06
8.110000000000000000e+02 0.000000000000000000e+00 1.000012000000000000e+06
8.115000000000000000e+02 0.000000000000000000e+00 1.000008000000000000e+06
8.120000000000000000e+02 0.000000000000000000e+00 1.000012000000000000e+06
8.125000000000000000e+02 0.000000000000000000e+00 1.000008000000000000e+06
8.130000000000000000e+02 0.000000000000000000e+00 1.000008000000000000e+06
8.135000000000000000e+02 0.000000000000000000e+00 1.000012000000000000e+06
8.140000000000000000e+02 0.000000000000000000e+00 1.000008000000000000e+06
8.145000000000000000e+02 0.000000000000000000e+00 1.000012000000000000e+06
8.150000000000000000e+02 0.000000000000000000e+00 1.000012000000000000e+06
8.155000000000000000e+02 0.000000000000000000e+00 1.000012000000000000e+06
8.160000000000000000e+02 0.000000000000000000e+00 1.000008000000000000e+06
8.165000000000000000e+02 0.000000000000000000e+00 1.000012000000000000e+06
8.170000000000000000e+02 0.000000000000000000e+00 1.000012000000000000e+06
8.175000000000000000e+02 0.000000000000000000e+00 1.000008000000000000e+06
8.180000000000000000e+02 0.000000000000000000e+00 1.000012000000000000e+06
8.185000000000000000e+02 0.000000000000000000e+00 1.000008000000000000e+06
8.190000000000000000e+02 0.000000000000000000e+00 1.000012000000000000e+06
8.195000000000000000e+02 0.000000000000000000e+00 1.000008000000000000e+06
8.200000000000000000e+02 0.000000000000000000e+00 1.000012000000000000e+06
8.205000000000000000e+02 0.000000000000000000e+00 1.000012000000000000e+06
8.210000000000000000e+02 0.000000000000000000e+00 1.000012000000000000e+06
8.215000000000000000e+02 0.000000000000000000e+00 1.000012000000000000e+06
8.220000000000000000e+02 0.000000000000000000e+00 1.000012000000000000e+06
8.225000000000000000e+02 0.000000000000000000e+00 1.000008000000000000e+06
8.230000000000000000e+02 0.000000000000000000e+00 1.000012000000000000e+06
8.235000000000000000e+02 0.000000000000000000e+00 1.000012000000000000e+06
8.240000000000000000e+02 0.000000000000000000e+00 1.000016000000000000e+06
8.245000000000000000e+02 0.000000000000000000e+00 1.000008000000000000e+06
8.250000000000000000e+02 0.000000000000000000e+00 1.000012000000000000e+06
8.255000000000000000e+02 0.000000000000000000e+00 1.000012000000000000e+06
8.260000000000000000e+02 0.000000000000000000e+00 1.000008000000000000e+06
8.265000000000000000e+02 0.000000000000000000e+00 1.000008000000000000e+06
8.270000000000000000e+02 0.000000000000000000e+00 1.000012000000000000e+06
8.275000000000000000e+02 0.000000000000000000e+00 1.000012000000000000e+06
8.280000000000000000e+02 0.000000000000000000e+00 1.000012000000000000e+06
8.285000000000000000e+02 0.000000000000000000e+00 1.000012000000000000e+06
8.290000000000000000e+02 0.000000000000000000e+00 1.000008000000000000e+06
8.295000000000000000e+02 0.000000000000000000e+00 1.000012000000000000e+06
8.300000000000000000e+02 0.000000000000000000e+00 1.000012000000000000e+06
8.305000000000000000e+02 0.000000000000000000e+00 1.000012000000000000e+06
8.310000000000000000e+02 0.000000000000000000e+00 1.000012000000000000e+06
8.315000000000000000e+02 0.000000000000000000e+00 1.000008000000000000e+06
8.320000000000000000e+02 0.000000000000000000e+00 1.000008000000000000e+06
8.325000000000000000e+02 0.000000000000000000e+00 1.000012000000000000e+06
8.330000000000000000e+02 0.000000000000000000e+00 1.000012000000000000e+06
8.335000000000000000e+02 0.000000000000000000e+00 1.000012000000000000e+06
8.340000000000000000e+02 0.000000000000000000e+00 1.000016000000000000e+06
8.345000000000000000e+02 0.000000000000000000e+00 1.000008000000000000e+06
