8.050000000000000000e+02 2.652000000000000000e+03 2.000080000000000000e+05
8.055000000000000000e+02 2.643000000000000000e+03 2.000080000000000000e+05
8.060000000000000000e+02 2.648000000000000000e+03 2.000080000000000000e+05
8.065000000000000000e+02 2.495000000000000000e+03 2.000080000000000000e+05
8.070000000000000000e+02 2.472000000000000000e+03 2.000080000000000000e+05
8.075000000000000000e+02 2.488000000000000000e+03 2.000080000000000000e+05
8.080000000000000000e+02 2.438000000000000000e+03 2.000080000000000000e+05
8.085000000000000000e+02 2.514000000000000000e+03 2.000080000000000000e+05
8.090000000000000000e+02 2.534000000000000000e+03 2.000120000000000000e+05
8.095000000000000000e+02 2.522000000000000000e+03 2.000120000000000000e+05
8.100000000000000000e+02 2.483000000000000000e+03 2.000080000000000000e+05
8.105000000000000000e+02 2.467000000000000000e+03 2.000080000000000000e+05
8.110000000000000000e+02 2.544000000000000000e+03 2.000120000000000000e+05
8.115000000000000000e+02 2.507000000000000000e+03 2.000120000000000000e+05
8.120000000000000000e+02 2.643000000000000000e+03 2.000080000000000000e+05
8.125000000000000000e+02 2.554000000000000000e+03 2.000120000000000000e+05
8.130000000000000000e+02 2.658000000000000000e+03 2.000120000000000000e+05
8.135000000000000000e+02 2.505000000000000000e+03 2.000080000000000000e+05
8.140000000000000000e+02 2.496000000000000000e+03 2.000120000000000000e+05
8.145000000000000000e+02 2.555000000000000000e+03 2.000080000000000000e+05
8.150000000000000000e+02 2.518000000000000000e+03 2.000120000000000000e+05
8.155000000000000000e+02 2.637000000000000000e+03 2.000120000000000000e+05
8.160000000000000000e+02 2.637000000000000000e+03 2.000120000000000000e+05
8.165000000000000000e+02 2.626000000000000000e+03 2.000080000000000000e+05
8.170000000000000000e+02 2.642000000000000000e+03 2.000120000000000000e+05
8.175000000000000000e+02 2.592000000000000000e+03 2.000120000000000000e+05
8.180000000000000000e+02 2.612000000000000000e+03 2.000080000000000000e+05
8.185000000000000000e+02 2.700000000000000000e+03 2.000080000000000000e+05
8.190000000000000000e+02 2.666000000000000000e+03 2.000080000000000000e+05
8.195000000000000000e+02 2.672000000000000000e+03 2.000080000000000000e+05
8.200000000000000000e+02 2.699000000000000000e+03 2.000120000000000000e+05
8.205000000000000000e+02 2.674000000000000000e+03 2.000080000000000000e+05
8.210000000000000000e+02 2.663000000000000000e+03 2.000120000000000000e+05
8.215000000000000000e+02 2.761000000000000000e+03 2.000080000000000000e+05
8.220000000000000000e+02 2.726000000000000000e+03 2.000080000000000000e+05
8.225000000000000000e+02 2.813000000000000000e+03 2.000120000000000000e+05
8.230000000000000000e+02 2.736000000000000000e+03 2.000120000000000000e+05
8.235000000000000000e+02 2.851000000000000000e+03 2.000080000000000000e+05
8.240000000000000000e+02 2.826000000000000000e+03 2.000080000000000000e+05
8.245000000000000000e+02 2.695000000000000000e+03 2.000080000000000000e+05
