7.950000000000000000e+02 2.105000000000000000e+03 2.000120000000000000e+05
7.955000000000000000e+02 2.100000000000000000e+03 2.000120000000000000e+05
7.960000000000000000e+02 2.178000000000000000e+03 2.000080000000000000e+05
7.965000000000000000e+02 1.990000000000000000e+03 2.000080000000000000e+05
7.970000000000000000e+02 2.038000000000000000e+03 2.000120000000000000e+05
7.975000000000000000e+02 2.081000000000000000e+03 2.000120000000000000e+05
7.980000000000000000e+02 2.098000000000000000e+03 2.000080000000000000e+05
7.985000000000000000e+02 2.114000000000000000e+03 2.000120000000000000e+05
7.990000000000000000e+02 2.123000000000000000e+03 2.000080000000000000e+05
7.995000000000000000e+02 2.132000000000000000e+03 2.000080000000000000e+05
8.000000000000000000e+02 2.130000000000000000e+03 2.000080000000000000e+05
8.005000000000000000e+02 2.120000000000000000e+03 2.000120000000000000e+05
8.010000000000000000e+02 1.978000000000000000e+03 2.000120000000000000e+05
8.015000000000000000e+02 2.072000000000000000e+03 2.000080000000000000e+05
8.020000000000000000e+02 2.029000000000000000e+03 2.000120000000000000e+05
8.025000000000000000e+02 2.038000000000000000e+03 2.000080000000000000e+05
8.030000000000000000e+02 2.094000000000000000e+03 2.000080000000000000e+05
8.035000000000000000e+02 2.190000000000000000e+03 2.000120000000000000e+05
8.040000000000000000e+02 2.121000000000000000e+03 2.000120000000000000e+05
8.045000000000000000e+02 2.098000000000000000e+03 2.000160000000000000e+05
