8.100000000000000000e+02 1.306100000000000000e+04 1.000012000000000000e+06
8.105000000000000000e+02 1.306300000000000000e+04 1.000008000000000000e+06
8.110000000000000000e+02 1.333200000000000000e+04 1.000012000000000000e+06
8.115000000000000000e+02 1.355300000000000000e+04 1.000012000000000000e+06
8.120000000000000000e+02 1.350300000000000000e+04 1.000012000000000000e+06
8.125000000000000000e+02 1.348800000000000000e+04 1.000012000000000000e+06
8.130000000000000000e+02 1.348700000000000000e+04 1.000012000000000000e+06
8.135000000000000000e+02 1.353600000000000000e+04 1.000008000000000000e+06
8.140000000000000000e+02 1.351400000000000000e+04 1.000012000000000000e+06
8.145000000000000000e+02 1.363300000000000000e+04 1.000012000000000000e+06
8.150000000000000000e+02 1.351000000000000000e+04 1.000012000000000000e+06
8.155000000000000000e+02 1.371400000000000000e+04 1.000012000000000000e+06
8.160000000000000000e+02 1.375400000000000000e+04 1.000008000000000000e+06
8.165000000000000000e+02 1.367500000000000000e+04 1.000008000000000000e+06
8.170000000000000000e+02 1.371000000000000000e+04 1.000008000000000000e+06
8.175000000000000000e+02 1.373500000000000000e+04 1.000012000000000000e+06
8.180000000000000000e+02 1.377200000000000000e+04 1.000012000000000000e+06
8.185000000000000000e+02 1.392900000000000000e+04 1.000008000000000000e+06
8.190000000000000000e+02 1.372000000000000000e+04 1.000012000000000000e+06
8.195000000000000000e+02 1.396400000000000000e+04 1.000008000000000000e+06
