0,0
1,65535
2,65535
3,65535
4,65535
5,65535
6,65535
7,65535
8,65535
9,65535
10,65535
11,65535
12,65535
13,65535
14,65535
15,65535
16,65535
17,65535
18,65535
19,65535
20,65535
21,65535
22,65535
23,65535
24,65535
25,65535
26,65535
27,65535
28,30235
29,24659
30,20553
31,20674
32,20371
33,18842
34,15771
35,14064
36,13846
37,12306
38,10933
39,11145
40,10588
41,9450
42,9079
43,7304
44,6824
45,6087
46,5885
47,5438
48,5088
49,4688
50,4512
51,3814
52,3828
53,3504
54,3101
55,2880
56,2743
57,2666
58,2476
59,2535
60,2416
61,2311
62,2424
63,2148
64,2051
65,1920
66,1760
67,1741
68,1641
69,1575
70,1421
71,1373
72,1425
73,1440
74,1424
75,1362
76,1175
77,1075
78,971
79,967
80,881
81,876
82,906
83,897
84,870
85,745
86,694
87,774
88,625
89,694
90,657
91,615
92,722
93,589
94,541
95,608
96,560
97,618
98,564
99,598
100,603
101,567
102,501
103,626
104,549
105,548
106,564
107,519
108,510
109,545
110,468
111,562
112,535
113,604
114,574
115,560
116,641
117,617
118,677
119,662
120,630
121,690
122,658
123,699
124,668
125,663
126,694
127,717
128,726
129,661
130,702
131,689
132,634
133,603
134,544
135,600
136,601
137,626
138,574
139,588
140,549
141,618
142,536
143,516
144,528
145,542
146,554
147,537
148,512
149,560
150,478
151,479
152,455
153,441
154,422
155,432
156,510
157,499
158,426
159,479
160,460
161,504
162,476
163,468
164,496
165,528
166,514
167,449
168,523
169,546
170,528
171,552
172,614
173,674
174,673
175,748
176,758
177,887
178,1008
179,1065
180,1253
181,1366
182,1490
183,1620
184,1701
185,1636
186,1650
187,1512
188,1622
189,1398
190,1457
191,1406
192,1351
193,1396
194,1348
195,1354
196,1337
197,1520
198,1509
199,1514
200,1704
201,1696
202,1851
203,2008
204,2058
205,2239
206,2431
207,2583
208,2770
209,2948
210,2960
211,3056
212,3156
213,3132
214,3095
215,3003
216,2864
217,2792
218,2603
219,2388
220,2272
221,2256
222,2106
223,2039
224,1989
225,1920
226,1954
227,1950
228,1933
229,1894
230,1823
231,1719
232,1569
233,1539
234,1474
235,1403
236,1353
237,1345
238,1313
239,1185
240,1163
241,1116
242,1094
243,1033
244,1097
245,1118
246,1104
247,1157
248,1145
249,1205
250,1143
251,1274
252,1284
253,1336
254,1416
255,1488
256,1571
257,1768
258,1827
259,1968
260,1917
261,2019
262,1989
263,2130
264,2092
265,2224
266,2248
267,2101
268,2065
269,2117
270,1946
271,1904
272,1861
273,1840
274,1921
275,1820
276,1771
277,1749
278,1697
279,1706
280,1607
281,1616
282,1576
283,1520
284,1488
285,1452
286,1360
287,1329
288,1411
289,1407
290,1318
291,1338
292,1318
293,1330
294,1360
295,1314
296,1435
297,1312
298,1366
299,1370
300,1328
301,1397
302,1445
303,1537
304,1485
305,1584
306,1580
307,1544
308,1674
309,1771
310,1867
311,1782
312,1868
313,1754
314,1927
315,1906
316,1979
317,1943
318,1984
319,2018
320,2143
321,2138
322,2269
323,2307
324,2352
325,2503
326,2679
327,2778
328,2898
329,3027
330,3126
331,3301
332,3520
333,3674
334,3748
335,4040
336,4176
337,4581
338,4867
339,5180
340,5379
341,6075
342,6395
343,6385
344,6733
345,6787
346,6961
347,6719
348,6677
349,6651
350,6276
351,5920
352,5784
353,5506
354,5474
355,5104
356,5008
357,4840
358,4673
359,4564
360,4441
361,4400
362,4560
363,4481
364,4517
365,4448
366,4240
367,4331
368,4029
369,4071
370,3799
371,3600
372,3507
373,3154
374,2965
375,2791
376,2637
377,2292
378,2201
379,2124
380,1936
381,1809
382,1738
383,1534
384,1564
385,1462
386,1371
387,1307
388,1244
389,1187
390,1177
391,1140
392,1059
393,1092
394,1022
395,938
396,1008
397,999
398,938
399,995
400,869
401,876
402,921
403,876
404,899
405,867
406,871
407,808
408,764
409,785
410,745
411,738
412,721
413,794
414,692
415,753
416,720
417,659
418,745
419,669
420,717
421,685
422,716
423,632
424,690
425,662
426,646
427,720
428,692
429,649
430,634
431,646
432,653
433,702
434,635
435,657
436,608
437,624
438,671
439,618
440,615
441,637
442,651
443,644
444,649
445,620
446,624
447,619
448,633
449,646
450,605
451,662
452,569
453,636
454,630
455,600
456,567
457,594
458,578
459,602
460,611
461,634
462,613
463,573
464,514
465,592
466,560
467,575
468,528
469,567
470,528
471,564
472,563
473,560
474,557
475,543
476,531
477,560
478,554
479,552
480,522
481,459
482,465
483,579
484,511
485,507
486,512
487,550
488,528
489,480
490,510
491,517
492,481
493,531
494,464
495,503
496,496
497,493
498,512
499,461
500,485
501,528
502,511
503,500
504,469
505,467
506,461
507,487
508,540
509,479
510,448
511,482
512,448
513,496
514,508
515,484
516,497
517,472
518,457
519,484
520,448
521,484
522,499
523,506
524,528
525,482
526,481
527,473
528,506
529,466
530,484
531,452
532,418
533,461
534,467
535,453
536,476
537,502
538,485
539,409
540,496
541,464
542,505
543,492
544,470
545,484
546,511
547,502
548,489
549,497
550,512
551,509
552,498
553,474
554,519
555,496
556,498
557,488
558,520
559,535
560,549
561,533
562,563
563,544
564,581
565,560
566,539
567,552
568,562
569,578
570,585
571,531
572,560
573,607
574,630
575,594
576,624
577,619
578,650
579,635
580,700
581,665
582,743
583,737
584,753
585,758
586,795
587,807
588,802
589,840
590,848
591,860
592,945
593,967
594,1041
595,1099
596,1121
597,1201
598,1313
599,1411
600,1575
601,1682
602,1746
603,2012
604,2169
605,2476
606,2945
607,3228
608,3736
609,4259
610,4640
611,5212
612,5626
613,5781
614,5689
615,5893
616,6373
617,6426
618,6928
619,7515
620,8282
621,9424
622,10299
623,11368
624,12374
625,13285
626,13744
627,13777
628,13736
629,13661
630,13296
631,13177
632,13184
633,13715
634,14136
635,14694
636,15024
637,15139
638,14322
639,13718
640,12903
641,11941
642,11088
643,10579
644,10113
645,9803
646,9442
647,9109
648,8437
649,7987
650,7028
651,6592
652,5572
653,5200
654,4564
655,3995
656,3643
657,3189
658,2928
659,2576
660,2441
661,2164
662,2001
663,1849
664,1713
665,1604
666,1517
667,1443
668,1398
669,1360
670,1205
671,1188
672,1164
673,1101
674,1147
675,1017
676,1008
677,992
678,903
679,894
680,905
681,802
682,824
683,748
684,784
685,765
686,725
687,694
688,644
689,670
690,656
691,608
692,643
693,610
694,598
695,563
696,538
697,544
698,572
699,520
700,510
701,567
702,561
703,479
704,488
705,473
706,508
707,455
708,460
709,480
710,442
711,445
712,433
713,470
714,455
715,452
716,461
717,476
718,409
719,368
720,433
721,384
722,424
723,390
724,380
725,400
726,344
727,360
728,415
729,411
730,373
731,400
732,387
733,411
734,394
735,371
736,378
737,385
738,395
739,378
740,400
741,347
742,386
743,397
744,394
745,450
746,391
747,394
748,449
749,465
750,466
751,434
752,492
753,566
754,513
755,500
756,508
757,514
758,588
759,539
760,584
761,658
762,598
763,597
764,647
765,666
766,642
767,772
768,784
769,829
770,854
771,954
772,917
773,929
774,881
775,891
776,794
777,765
778,730
779,684
780,656
781,592
782,624
783,549
784,519
785,516
786,541
787,496
788,400
789,441
790,460
791,438
792,418
793,453
794,382
795,409
796,432
797,440
798,410
799,443
800,455
801,501
802,440
803,519
804,497
805,506
806,532
807,502
808,515
809,507
810,464
811,490
812,445
813,402
814,477
815,412
816,448
817,426
818,439
819,407
820,384
821,384
822,386
823,364
824,381
825,403
826,368
827,345
828,390
829,396
830,344
831,386
832,372
833,370
834,331
835,371
836,359
837,341
838,344
839,372
840,393
841,388
842,364
843,368
844,376
845,362
846,368
847,382
848,369
849,423
850,397
851,386
852,377
853,400
854,400
855,400
856,400
857,432
858,401
859,466
860,425
861,458
862,434
863,484
864,464
865,426
866,481
867,496
868,507
869,517
870,599
871,583
872,636
873,589
874,669
875,720
876,756
877,827
878,866
879,959
880,1086
881,1297
882,1483
883,1816
884,2337
885,3089
886,3889
887,4960
888,5697
889,6498
890,6797
891,6796
892,6276
893,5912
894,5280
895,4752
896,4690
897,4468
898,4760
899,5096
900,5850
901,6936
902,8503
903,10921
904,14128
905,18288
906,23312
907,27441
908,30595
909,30896
910,29235
911,25443
912,21267
913,16779
914,12855
915,9562
916,7212
917,5447
918,4222
919,3365
920,2749
921,2334
922,2004
923,1853
924,1594
925,1336
926,1271
927,1154
928,1085
929,1013
930,971
931,804
932,885
933,761
934,735
935,698
936,704
937,704
938,756
939,601
940,615
941,656
942,548
943,595
944,532
945,592
946,529
947,537
948,509
949,515
950,489
951,498
952,480
953,491
954,492
955,528
956,496
957,537
958,449
959,565
960,510
961,493
962,508
963,556
964,491
965,551
966,577
967,551
968,573
969,531
970,617
971,596
972,626
973,629
974,663
975,618
976,625
977,673
978,588
979,585
980,661
981,638
982,672
983,619
984,589
985,629
986,602
987,588
988,512
989,572
990,524
991,529
992,554
993,525
994,518
995,437
996,498
997,481
998,464
999,514
1000,454
1001,510
1002,493
1003,521
1004,498
1005,544
1006,581
1007,594
1008,609
1009,585
1010,619
1011,650
1012,745
1013,830
1014,891
1015,891
1016,1014
1017,1136
1018,1270
1019,1328
1020,1420
1021,1430
1022,1460
1023,1342
